[ [ {
  "joint_angles" : [ -0.02362735052108284, -0.412537020795665, 0.052488680968017114, -2.2330895222396077, -0.02778658332261774, 1.8233522628742915, 0.8764626365912807 ],
  "pose" : [ 0.9981997688674886, -0.05947224718414734, 0.006404697414244605, 0, -0.05971021221182249, -0.9970728173756382, 0.04755243747101373, 0, 0.003557967881681667, -0.04785017919863598, -0.9988481872713246, 0, 0.4299603435930975, 0.007518642728200455, 0.4303769582884212, 1 ]
}, {
  "joint_angles" : [ -0.6492530840473925, -0.5967103914709506, -0.5451606466131227, -2.22004866519785, -0.3789688632726083, 1.8223622875488121, 0.8025524395397502 ],
  "pose" : [ 0.4713459457282393, -0.8716916939639875, 0.1340422956419134, 0, -0.881917869176107, -0.4648458266873393, 0.07823027764521469, 0, -0.005883794792378621, -0.15509080593186472, -0.9878826969201586, 0, 0.08412945299852578, -0.426240251085243, 0.4710979350016488, 1 ]
}, {
  "joint_angles" : [ -0.6481554041571117, -0.6057714926320042, -0.5539384445065249, -2.222318601277229, -0.3785757781995658, 1.7987567944536764, -0.4361639561620024 ],
  "pose" : [ 0.9884616233341655, 0.1486709087839132, -0.02865880280402243, 0, 0.15116470890457034, -0.979758437062978, 0.13116166622498798, 0, -0.008578944899357491, -0.13398305268833902, -0.9909464886141568, 0, 0.0779275256447503, -0.4220363855180791, 0.4688023973664682, 1 ]
}, {
  "joint_angles" : [ -2.8491825977928236, 1.436175627541123, 1.2074963650324073, -1.836824955237597, -0.017760861713248526, 1.8598811177528565, -1.164599422848961 ],
  "pose" : [ 0.1457058015223881, 0.06535211452125422, 0.9871573671059382, 0, 0.27658988455034644, -0.9607080898009642, 0.022776058847324754, 0, 0.9498768201636867, 0.2697243313201824, -0.15805951919958475, 0, 0.04435696662508379, -0.5394723431613628, 0.14183706637979535, 1 ]
}, {
  "joint_angles" : [ -2.597332223055641, 1.6196542790061548, 1.1821304634328473, -2.169794420212911, -0.012680935043466119, 2.4684699865314697, -1.038864117698537 ],
  "pose" : [ 0.10176246015007863, -0.0993576659390315, 0.9898248344149383, 0, 0.2569624179020757, -0.9585980527037902, -0.12264108626242926, 0, 0.9610479940192463, 0.26683317876987905, -0.07201949665989632, 0, 0.2994593227520798, -0.4589726927895698, 0.10849722497658414, 1 ]
}, {
  "joint_angles" : [ -2.544610334009308, 1.6751486450329158, 1.1758923981665286, -2.2849794252472755, -0.012435602286924136, 2.804171506178056, -1.03675475223528 ],
  "pose" : [ 0.11747487569141415, -0.11951792632425756, 0.9858477903660606, 0, 0.10530401636802994, -0.9856254255755879, -0.1320391286585575, 0, 0.9874767027697472, 0.11932730949913889, -0.10320249364567248, 0, 0.3454044580169141, -0.4433131657750612, 0.10197784327824885, 1 ]
} ] ]
[ [ {
  "joint_angles" : [ -2.5446762526495417, 1.674866265426167, 1.1916719923168486, -2.2880203853666723, -0.013832696182745918, 2.803749667417672, -1.0372190279132543 ],
  "pose" : [ 0.10816787534660283, -0.10502225864548459, 0.9885599540914098, 0, 0.10830803290043942, -0.9872303429702127, -0.116732030006172, 0, 0.9882148701703241, 0.11969794425879858, -0.0954136914413598, 0, 0.3473808287636524, -0.44516212786546694, 0.11137716717633733, 1 ]
}, {
  "joint_angles" : [ -2.543897178801771, 1.6745278802925683, 1.4671366411003077, -2.383048375863249, -0.017698061799997056, 2.8021238180134027, -0.8166658483313189 ],
  "pose" : [ -0.029948770637517927, -0.0956110329512968, 0.994958465674068, 0, 0.18353615330142292, -0.9790063798019691, -0.08855357496774302, 0, 0.9825563015606292, 0.17996224360951799, 0.04686902109630597, 0, 0.3767857333324584, -0.4324027419761782, 0.2807604972672285, 1 ]
}, {
  "joint_angles" : [ -0.1223598307460141, 1.6749270639271763, 1.4332242239909634, -2.262014988397142, -0.01813774390684244, 3.011572187355823, -0.8009597121761933 ],
  "pose" : [ 0.09215493535672387, 0.10385611715245047, 0.9903040551874072, 0, 0.7542222158917808, 0.6420422161375033, -0.13751868474408663, 0, -0.6501116835403808, 0.7595969690084816, -0.01916360084689849, 0, 0.10850067793051514, 0.624248513627746, 0.24272291400808038, 1 ]
}, {
  "joint_angles" : [ 1.0963510979476725, 1.6921888602407353, 1.4741901771340438, -1.0241893627025758, -0.055447416789001884, 3.2615484061998554, -0.7219609358297773 ],
  "pose" : [ -0.0203442998869674, 0.14885437794562328, 0.988640091504355, 0, 0.9072635435350955, 0.4182002269372913, -0.04429649718598877, 0, -0.4200513254498825, 0.8960731836619376, -0.1435609052275596, 0, -0.07052857403362685, 0.9069630971482014, 0.19824631042140725, 1 ]
}, {
  "joint_angles" : [ 1.0932809653222955, 1.697854740615951, 1.4730110007164283, -1.026682876837665, -0.057214328583752125, 3.2605893785785085, -0.7219478967156397 ],
  "pose" : [ -0.019873629659749203, 0.15358153885014267, 0.9879263619672154, 0, 0.9069251721461928, 0.4186568189459743, -0.046839587731363874, 0, -0.42080390579612315, 0.8950616459851853, -0.14761003608501128, 0, -0.06981476219764296, 0.9060658022241481, 0.19349507791058723, 1 ]
}, {
  "joint_angles" : [ 1.0909138478607316, 1.7061867620956128, 1.4730171753473897, -1.026767815535973, -0.057309585645111155, 3.2606010730315558, -0.721974277731445 ],
  "pose" : [ -0.01581084779909353, 0.16086268534581352, 0.9868403925946768, 0, 0.9076879675327709, 0.4162233552413266, -0.05330496270600149, 0, -0.41932887211677145, 0.8949175835178689, -0.15259690599686024, 0, -0.06826776309847354, 0.9051638279904197, 0.18707683971658723, 1 ]
} ] ]
[ [ {
  "joint_angles" : [ 0.6746856255851379, 1.660272475657037, 1.4835285317313756, -1.5885329402786317, -0.05713148326689763, 3.260487035976658, -0.7223272238073452 ],
  "pose" : [ 0.024082005776025817, 0.12145672354694415, 0.9922948494294692, 0, 0.8370092144265082, 0.5402993824172908, -0.0864459323844799, 0, -0.5466462586684027, 0.8326577550854456, -0.08865061071365496, 0, -0.030741538716615065, 0.8287200163627463, 0.2366427391734167, 1 ]
}, {
  "joint_angles" : [ 0.5624204829463222, 1.3130610240688665, 1.5689152983351788, -1.7032435300570166, -0.05606266642651088, 3.21887837106394, -0.36096033494785557 ],
  "pose" : [ 0.08388596980896024, 0.07371629840863586, 0.9937352757748652, 0, 0.8116018203190163, 0.5735412417580872, -0.1110570851348942, 0, -0.5781460123772207, 0.8158491976499987, -0.011716444263175016, 0, -0.022186639008343105, 0.8004107170110174, 0.4452433446236601, 1 ]
} ] ]
[ [ {
  "joint_angles" : [ 1.0249268054682092, 1.3070704495013292, 1.2879323360734827, -1.1002766067528083, -0.09097798827526865, 3.0228710174728564, -0.21206363284256724 ],
  "pose" : [ 0.012263081491541705, 0.2164136286016346, 0.9762148867380654, 0, 0.8297972239579197, 0.5425275816024133, -0.1306948247390659, 0, -0.5579183845452876, 0.8116787516191315, -0.17292969772825167, 0, -0.07624810792061992, 0.9034789549068399, 0.37609768259025095, 1 ]
}, {
  "joint_angles" : [ 0.6145151613076076, 1.270629392088505, 1.47372114823859, -1.6108038211982745, -0.19004474772245192, 3.2442222061884824, -0.22171702309118374 ],
  "pose" : [ 0.030622733170243832, 0.08300858080940951, 0.9960685571919234, 0, 0.8610161275786217, 0.503928909596393, -0.06846626193763733, 0, -0.5076408028042743, 0.8597442687280363, -0.056041125234293165, 0, -7.457763144760113E-4, 0.8228216668495781, 0.4327477785122056, 1 ]
} ] ]
[ [ {
  "joint_angles" : [ 0.7666807539253636, 1.6994067761772556, 1.4003046578939091, -1.4310110261277613, -0.5314863600203323, 3.243849482152197, -0.22866475824183885 ],
  "pose" : [ 0.02376045039690966, 0.18061095203670594, 0.9832577850709036, 0, 0.8535299384065853, 0.5083982713078437, -0.11401135415411756, 0, -0.5204882784090401, 0.8419651282922211, -0.14207981833693845, 0, -0.037954597332780594, 0.8474446047124495, 0.2065104898824193, 1 ]
}, {
  "joint_angles" : [ 1.0708416889777697, 1.718284213517015, 1.4235254065464007, -1.0089542970067038, -0.5308681050583173, 3.1994583396518523, -0.22735494555884891 ],
  "pose" : [ -0.02106010305556527, 0.18478518217851214, 0.982543462350522, 0, 0.8936061799166073, 0.4441885300970131, -0.0643839409038583, 0, -0.4483403664885664, 0.8766678561353697, -0.17448319631389378, 0, -0.0679807255156335, 0.9042257388901469, 0.19774426933170589, 1 ]
} ] ]
[ [ {
  "joint_angles" : [ 1.0701401426318082, 1.6979406299241888, 1.4229991292284745, -1.0122549755419548, -0.5308801855479405, 3.200338717712296, -0.2272896759079561 ],
  "pose" : [ -0.03069969116736243, 0.1672208364549429, 0.9854316149377114, 0, 0.8933206921432328, 0.446828278207019, -0.04799351710902572, 0, -0.4483528600506738, 0.8788499867483155, -0.16310246373634718, 0, -0.06789776857184376, 0.9060470998151686, 0.2130487780639085, 1 ]
}, {
  "joint_angles" : [ 0.4515152968056234, 1.6245481643342132, 1.420875461802038, -1.76019407001297, -0.5313747356202866, 3.2262737254434897, -0.22837995314266943 ],
  "pose" : [ 0.028680552872748843, 0.13639676149445637, 0.9902293149780743, 0, 0.8410139847154742, 0.5321091486742636, -0.09765284589482809, 0, -0.5402400110103573, 0.8356135277314465, -0.09945231407934133, 0, 0.0338220152912649, 0.78447881549422, 0.26253392856176766, 1 ]
}, {
  "joint_angles" : [ -2.6242894264231342, 1.5383166851077161, 1.496823405889428, -2.4888523070140463, -0.5369499406890963, 2.962000956020582, -0.2240589794030853 ],
  "pose" : [ 0.15603473267261647, -0.07763887508274092, 0.9846857946456218, 0, 0.011604756855802367, -0.9966835481977795, -0.08042376061470113, 0, 0.987683157932812, 0.02397640083428012, -0.15461924763399196, 0, 0.3501896104882097, -0.4339450067971609, 0.3144236400458057, 1 ]
}, {
  "joint_angles" : [ -2.579591460808598, 1.70336103159983, 1.166529512518176, -2.3569393753921775, -0.6401241856680976, 2.962521576498041, -0.41148577005938947 ],
  "pose" : [ 0.2233226852449336, -0.1502844517270404, 0.9630795962563549, 0, -0.016595607805224705, -0.9884763022113067, -0.15039924424492568, 0, 0.9746027901279506, 0.017605010769912176, -0.22324754213788053, 0, 0.34493524087396, -0.4455446852295703, 0.13039148680066795, 1 ]
}, {
  "joint_angles" : [ -2.571431482585947, 1.7147018419962432, 1.143167268550296, -2.3478568768850527, -0.6400899495548672, 2.9619407809279448, -0.4875951030221332 ],
  "pose" : [ 0.23072380516960184, -0.09787394309838837, 0.9680743586582805, 0, 0.003521304795437566, -0.9948279911800726, -0.10141802245344284, 0, 0.973012384799284, 0.02680895309014039, -0.22919026825199354, 0, 0.34716780340836473, -0.440904699092857, 0.11613321944723567, 1 ]
} ] ]
[ [ {
  "joint_angles" : [ -2.8299046845854376, 1.7386487849863734, 1.0812186255538678, -2.455404126747883, -0.7529125155872769, 2.954136073029367, -0.4518685053163962 ],
  "pose" : [ 0.19583578141766225, -0.1269455976264504, 0.9723753950306461, 0, -0.127105123924571, -0.9864972314905962, -0.10319034177051878, 0, 0.9723639157911759, -0.10338752440140996, -0.20933092238223888, 0, 0.2674419025545125, -0.44686444911189077, 0.11584954772352705, 1 ]
}, {
  "joint_angles" : [ -2.861933327561764, 1.61897094450454, 1.4704643112483777, -2.6680358370228814, -0.8241486314469878, 3.0784893886485447, -0.0880896367000209 ],
  "pose" : [ 0.045625626983048076, 0.008047977212418345, 0.9989165526341031, 0, -0.14241622452162556, -0.9896912337185075, 0.014478528756497688, 0, 0.98875451481614, -0.14292526774491363, -0.044009967856663584, 0, 0.28205015596968896, -0.4158003626500625, 0.3474735480216971, 1 ]
}, {
  "joint_angles" : [ -2.850487504880712, 1.6315015868743794, 1.6862917334058372, -1.7333885611367668, -0.8187587386303478, 2.866814684568531, 0.024617638875053097 ],
  "pose" : [ 0.019944777513893952, -0.07263477749506114, 0.9971495082731436, 0, -0.8012926525052049, -0.5976238806193266, -0.02750507691096682, 0, 0.5979296958327667, -0.7984753649140397, -0.07012253893525489, 0, -0.10991540541672852, -0.7576707067919963, 0.4144089561816724, 1 ]
}, {
  "joint_angles" : [ -2.835493935261232, 0.3083433885114147, 1.1569732542742146, -1.7838482185437097, -0.8154611990782948, 2.364489124155418, -0.06973429941799904 ],
  "pose" : [ 0.8745560728626158, -0.4707477255235277, -0.11631423487584328, 0, -0.32465747191798594, -0.7466161262982565, 0.5806398477373187, 0, -0.36018390580333937, -0.47004886943915075, -0.8058049480731845, 0, -0.1806316504262021, -0.6743002962560105, 0.43786892606482836, 1 ]
}, {
  "joint_angles" : [ -0.7448089319206872, 0.2777411708873615, 1.4542508643970156, -1.7705517706455771, -0.8153070934484293, 2.361230924527515, -0.07757862124509281 ],
  "pose" : [ -0.2961577190181889, 0.9509433198312156, -0.0893205174388158, 0, 0.7003773847210539, 0.27979883266018407, 0.656631463695202, 0, 0.649423583920349, 0.1319109458122881, -0.7488981980369274, 0, 0.5901782738972472, 0.3522842339056226, 0.5074466464069048, 1 ]
}, {
  "joint_angles" : [ 0.014915916700393841, -0.2898543620069499, -0.02063234067843204, -2.0705449216537994, -0.03972242033799562, 1.8267008693692026, 0.7300607392821047 ],
  "pose" : [ 0.9972104653537399, 0.06020198370818203, 0.043906216505018615, 0, 0.058667919592103546, -0.9976389929274634, 0.03542967545179323, 0, 0.04593637477921869, -0.03275558741166519, -0.9984071919640102, 0, 0.4790803005554363, -0.010238968499130597, 0.45401577268705573, 1 ]
} ] ]
TORQUE
{"j0":10,"j1":10,"j2":10,"j3":8,"j4":8,"j5":4,"j6":4}
IMPEDANCE CARTESIAN & JOINT
{
  "K_x" : 2500,
  "K_x_rot" : 250,
  "K_y" : 2500,
  "K_y_rot" : 250,
  "K_z" : 2500,
  "K_z_rot" : 250
}
{
  "K_j0" : 3500,
  "K_j1" : 3500,
  "K_j2" : 3500,
  "K_j3" : 3000,
  "K_j4" : 2500,
  "K_j5" : 2000,
  "K_j6" : 1000
}
