{"id":"0_llm_task_sugar","containers":[{"elements":[{"id":"gripper_move_skill","parameter":{"cartesian_impedance":{"access":["parent","parameter","cartesian_impedance"]},"joint_impedance":{"access":["parent","parameter","joint_impedance"]},"safety":{"access":["parent","parameter","safety"]},"speed":0.1,"width":0.034},"name":"Gripper Move","link":"gripper_move_skill","componentProviders":{"gripper-width":{"linkConfig":null,"componentLookupTable":[]},"speed":{"linkConfig":null,"componentLookupTable":[]}},"enabled":true,"isTracePoint":false},{"id":"joint_motion","parameter":{"acceleration":1,"cartesian_impedance":{"access":["parent","parameter","cartesian_impedance"]},"joint_impedance":{"access":["parent","parameter","joint_impedance"]},"motion":{"access":["parameter","poses",1,"relative_trajectories",1]},"safety":{"access":["parent","parameter","safety"]},"speed":{"access":["parent","parameter","speed"]},"velocity":1},"name":"Joint Motion","link":"joint_motion","componentProviders":{"acceleration":{"linkConfig":null,"componentLookupTable":[]},"motion":{"linkConfig":{"components":["robot-pose-carousel"],"sourceDistance":2,"parameters":{"points":["motion"]}},"componentLookupTable":[{"name":"robot-pose-carousel","sourcePath":{"id":"0_llm_task_sugar","indices":[]},"dependencies":[]}]},"velocity":{"linkConfig":null,"componentLookupTable":[]}},"enabled":true,"isTracePoint":false},{"id":"gripper_grasp","parameter":{"cartesian_impedance":{"access":["parent","parameter","cartesian_impedance"]},"force":40,"joint_impedance":{"access":["parent","parameter","joint_impedance"]},"object_config":{"F_x_Cload":[0,0,0],"I_load":[0.01,0,0,0,0.01,0,0,0,0.01],"m_load":0.094},"safety":{"access":["parent","parameter","safety"]},"speed":0.1,"width":0.003},"name":"Gripper Grasp","link":"gripper_grasp","componentProviders":{"Force":{"linkConfig":null,"componentLookupTable":[]},"Load":{"linkConfig":null,"componentLookupTable":[]},"gripper-width":{"linkConfig":null,"componentLookupTable":[]},"speed":{"linkConfig":null,"componentLookupTable":[]}},"enabled":true,"isTracePoint":false},{"id":"joint_motion2","parameter":{"acceleration":1,"cartesian_impedance":{"access":["parent","parameter","cartesian_impedance"]},"joint_impedance":{"access":["parent","parameter","joint_impedance"]},"motion":{"access":["parameter","poses",2,"relative_trajectories",1]},"safety":{"access":["parent","parameter","safety"]},"speed":{"access":["parent","parameter","speed"]},"velocity":1},"name":"pickup","link":"joint_motion","componentProviders":{"acceleration":{"linkConfig":null,"componentLookupTable":[]},"motion":{"linkConfig":{"components":["robot-pose-carousel"],"sourceDistance":2,"parameters":{"points":["motion"]}},"componentLookupTable":[{"name":"robot-pose-carousel","sourcePath":{"id":"0_llm_task_sugar","indices":[]},"dependencies":[]}]},"velocity":{"linkConfig":null,"componentLookupTable":[]}},"enabled":true,"isTracePoint":false},{"id":"joint_motion3","parameter":{"acceleration":1,"cartesian_impedance":{"access":["parent","parameter","cartesian_impedance"]},"joint_impedance":{"access":["parent","parameter","joint_impedance"]},"motion":{"access":["parameter","poses",3,"relative_trajectories",1]},"safety":{"access":["parent","parameter","safety"]},"speed":{"access":["parent","parameter","speed"]},"velocity":1},"name":"move into sugar","link":"joint_motion","componentProviders":{"acceleration":{"linkConfig":null,"componentLookupTable":[]},"motion":{"linkConfig":{"components":["robot-pose-carousel"],"sourceDistance":2,"parameters":{"points":["motion"]}},"componentLookupTable":[{"name":"robot-pose-carousel","sourcePath":{"id":"0_llm_task_sugar","indices":[]},"dependencies":[]}]},"velocity":{"linkConfig":null,"componentLookupTable":[]}},"enabled":true,"isTracePoint":false},{"id":"joint_motion4","parameter":{"acceleration":0.05,"cartesian_impedance":{"access":["parent","parameter","cartesian_impedance"]},"joint_impedance":{"access":["parent","parameter","joint_impedance"]},"motion":{"access":["parameter","poses",4,"relative_trajectories",1]},"safety":{"access":["parent","parameter","safety"]},"speed":{"access":["parent","parameter","speed"]},"velocity":0.2},"name":"pickup sugar","link":"joint_motion","componentProviders":{"acceleration":{"linkConfig":null,"componentLookupTable":[]},"motion":{"linkConfig":{"components":["robot-pose-carousel"],"sourceDistance":2,"parameters":{"points":["motion"]}},"componentLookupTable":[{"name":"robot-pose-carousel","sourcePath":{"id":"0_llm_task_sugar","indices":[]},"dependencies":[]}]},"velocity":{"linkConfig":null,"componentLookupTable":[]}},"enabled":true,"isTracePoint":false},{"id":"joint_motion5","parameter":{"acceleration":0.05,"cartesian_impedance":{"access":["parent","parameter","cartesian_impedance"]},"joint_impedance":{"access":["parent","parameter","joint_impedance"]},"motion":{"access":["parameter","poses",5,"relative_trajectories",1]},"safety":{"access":["parent","parameter","safety"]},"speed":{"access":["parent","parameter","speed"]},"velocity":0.15},"name":"move to cup","link":"joint_motion","componentProviders":{"acceleration":{"linkConfig":null,"componentLookupTable":[]},"motion":{"linkConfig":{"components":["robot-pose-carousel"],"sourceDistance":2,"parameters":{"points":["motion"]}},"componentLookupTable":[{"name":"robot-pose-carousel","sourcePath":{"id":"0_llm_task_sugar","indices":[]},"dependencies":[]}]},"velocity":{"linkConfig":null,"componentLookupTable":[]}},"enabled":true,"isTracePoint":false},{"id":"joint_motion6","parameter":{"acceleration":0.3,"cartesian_impedance":{"access":["parent","parameter","cartesian_impedance"]},"joint_impedance":{"access":["parent","parameter","joint_impedance"]},"motion":{"access":["parameter","poses",6,"relative_trajectories",1]},"safety":{"access":["parent","parameter","safety"]},"speed":{"access":["parent","parameter","speed"]},"velocity":0.3},"name":"pour","link":"joint_motion","componentProviders":{"acceleration":{"linkConfig":null,"componentLookupTable":[]},"motion":{"linkConfig":{"components":["robot-pose-carousel"],"sourceDistance":2,"parameters":{"points":["motion"]}},"componentLookupTable":[{"name":"robot-pose-carousel","sourcePath":{"id":"0_llm_task_sugar","indices":[]},"dependencies":[]}]},"velocity":{"linkConfig":null,"componentLookupTable":[]}},"enabled":true,"isTracePoint":false},{"id":"joint_motion7","parameter":{"acceleration":1,"cartesian_impedance":{"access":["parent","parameter","cartesian_impedance"]},"joint_impedance":{"access":["parent","parameter","joint_impedance"]},"motion":{"access":["parameter","poses",7,"relative_trajectories",1]},"safety":{"access":["parent","parameter","safety"]},"speed":{"access":["parent","parameter","speed"]},"velocity":1},"name":"Joint Motion","link":"joint_motion","componentProviders":{"acceleration":{"linkConfig":null,"componentLookupTable":[]},"motion":{"linkConfig":{"components":["robot-pose-carousel"],"sourceDistance":2,"parameters":{"points":["motion"]}},"componentLookupTable":[{"name":"robot-pose-carousel","sourcePath":{"id":"0_llm_task_sugar","indices":[]},"dependencies":[]}]},"velocity":{"linkConfig":null,"componentLookupTable":[]}},"enabled":true,"isTracePoint":false},{"id":"gripper_move_skill2","parameter":{"cartesian_impedance":{"access":["parent","parameter","cartesian_impedance"]},"joint_impedance":{"access":["parent","parameter","joint_impedance"]},"safety":{"access":["parent","parameter","safety"]},"speed":0.1,"width":0.029},"name":"Gripper Move","link":"gripper_move_skill","componentProviders":{"gripper-width":{"linkConfig":null,"componentLookupTable":[]},"speed":{"linkConfig":null,"componentLookupTable":[]}},"enabled":true,"isTracePoint":false},{"id":"joint_motion8","parameter":{"acceleration":1,"cartesian_impedance":{"access":["parent","parameter","cartesian_impedance"]},"joint_impedance":{"access":["parent","parameter","joint_impedance"]},"motion":{"access":["parameter","poses",8,"relative_trajectories",1]},"safety":{"access":["parent","parameter","safety"]},"speed":{"access":["parent","parameter","speed"]},"velocity":1},"name":"Joint Motion","link":"joint_motion","componentProviders":{"acceleration":{"linkConfig":null,"componentLookupTable":[]},"motion":{"linkConfig":{"components":["robot-pose-carousel"],"sourceDistance":2,"parameters":{"points":["motion"]}},"componentLookupTable":[{"name":"robot-pose-carousel","sourcePath":{"id":"0_llm_task_sugar","indices":[]},"dependencies":[]}]},"velocity":{"linkConfig":null,"componentLookupTable":[]}},"enabled":true,"isTracePoint":false}],"relativePath":["timeline_body"],"isTracePoint":false}],"name":"LLM_task_sugar","contextMenu":"<step id=\"speed\" name=\"Robot speed\" label=\"Set the speed of the robot's motions.\"\n  configured=\"parameter('speed')()\" class=\"flex-column\">\n  <h2 data-bind=\"html: step.label\"><br></h2>\n  <linear-slider params=\"\n    value: parameter('speed').multiply(100).round(),\n    min: 1, max: 100, increment: 1,\n    unit: '%',\n    step: step\n    \"/>\n</step>\n<step id=\"cart-comp\" name=\"Cartesian Compliance\" class=\"flex-column\"\n  label=\"Set the compliance along and around each cartesian axis. Greater compliance is given by lower values.\">\n  <h2 data-bind=\"html: step.label\"></h2>\n  <toggle-slider params=\"\n    parameters: [\n      { value: parameter('cartesian_impedance.K_x').add(-10).multiply(10/299).round(),\n        label: 'K-x',\n        min: 0, max: 100, increment: 1,\n        unit: '%'\n      },\n      { value: parameter('cartesian_impedance.K_y').add(-10).multiply(10/299).round(),\n        label: 'K-y',\n        min: 0, max: 100, increment: 1,\n        unit: '%'\n      },\n      { value: parameter('cartesian_impedance.K_z').add(-10).multiply(10/299).round(),\n        label: 'K-z',\n        min: 0, max: 100, increment: 1,\n        unit: '%'\n      },\n      { value: parameter('cartesian_impedance.K_x_rot').add(-1).multiply(100/299).round(),\n        label: 'K-x_rot',\n        min: 0, max: 100, increment: 1,\n        unit: '%'\n      },\n      { value: parameter('cartesian_impedance.K_y_rot').add(-1).multiply(100/299).round(),\n        label: 'K-y_rot',\n        min: 0, max: 100, increment: 1,\n        unit: '%'\n      },\n      { value: parameter('cartesian_impedance.K_z_rot').add(-1).multiply(100/299).round(),\n        label: 'K-z_rot',\n        min: 0, max: 100, increment: 1,\n        unit: '%'\n      },\n    ],\n    step: step\n  \"/>\n</step>\n<step id=\"joint-comp\" name=\"Joint Compliance\" class=\"flex-column\"\n  label=\"Set the compliance for each joint. Greater compliance is given by lower values.\">\n  <h2 data-bind=\"html: step.label\"></h2>\n  <toggle-slider params=\"\n    parameters: [\n      { value: parameter('joint_impedance.K_j0').add(-1).multiply(1/60).round(),\n        label: 'Joint 1',\n        min: 0, max: 100, increment: 1,\n        unit: '%'\n      },\n      { value: parameter('joint_impedance.K_j1').add(-1).multiply(1/60).round(),\n        label: 'Joint 2',\n        min: 0, max: 100, increment: 1,\n        unit: '%'\n      },\n      { value: parameter('joint_impedance.K_j2').add(-1).multiply(1/60).round(),\n        label: 'Joint 3',\n        min: 0, max: 100, increment: 1,\n        unit: '%'\n      },\n      { value: parameter('joint_impedance.K_j3').add(-1).multiply(1/60).round(),\n        label: 'Joint 4',\n        min: 0, max: 100, increment: 1,\n        unit: '%'\n      },\n      { value: parameter('joint_impedance.K_j4').add(-1).multiply(1/60).round(),\n        label: 'Joint 5',\n        min: 0, max: 100, increment: 1,\n        unit: '%'\n      },\n      { value: parameter('joint_impedance.K_j5').add(-1).multiply(1/60).round(),\n        label: 'Joint 6',\n        min: 0, max: 100, increment: 1,\n        unit: '%'\n      },\n      { value: parameter('joint_impedance.K_j6').add(-1).multiply(1/60).round(),\n        label: 'Joint 7',\n        min: 0, max: 100, increment: 1,\n        unit: '%'\n      },\n    ],\n    step: step\n  \"/>\n</step>\n<step id=\"all-force\" name=\"Force Thresholds\" class=\"flex-column\"\n  label=\"Set the force thresholds along and around each cartesian axis. Higher values will be interpreted as collisions.\">\n  <h2 data-bind=\"html: step.label\"></h2>\n  <toggle-slider params=\"\n    parameters: [\n      {value: parameter('safety.force_thresholds.x'), label: 'x', min: 3, max: 100, increment: 1, unit: 'N'},\n      {value: parameter('safety.force_thresholds.y'), label: 'y', min: 3, max: 100, increment: 1, unit: 'N'},\n      {value: parameter('safety.force_thresholds.z'), label: 'z', min: 3, max: 100, increment: 1, unit: 'N'},\n      {value: parameter('safety.force_thresholds.x_rot'), label: 'x-rot', min: 1, max: 30, increment: 1, unit: 'Nm'},\n      {value: parameter('safety.force_thresholds.y_rot'), label: 'y-rot', min: 1, max: 30, increment: 1, unit: 'Nm'},\n      {value: parameter('safety.force_thresholds.z_rot'), label: 'z-rot', min: 1, max: 30, increment: 1, unit: 'Nm'},\n    ],\n    step: step\n  \"/>\n</step>\n<step id=\"all-torque\" name=\"Torque Thresholds\" class=\"flex-column\"\n  label=\"Set the torque thresholds for each joint. Higher values will be interpreted as collisions.\">\n  <h2 data-bind=\"html: step.label\"></h2>\n  <toggle-slider params=\"\n    parameters: [\n      {value: parameter('safety.torque_thresholds.j0'), label: 'Joint 1', min: 3, max: 100, increment: 1, unit: 'Nm'},\n      {value: parameter('safety.torque_thresholds.j1'), label: 'Joint 2', min: 3, max: 100, increment: 1, unit: 'Nm'},\n      {value: parameter('safety.torque_thresholds.j2'), label: 'Joint 3', min: 3, max: 100, increment: 1, unit: 'Nm'},\n      {value: parameter('safety.torque_thresholds.j3'), label: 'Joint 4', min: 2, max: 80, increment: 1, unit: 'Nm'},\n      {value: parameter('safety.torque_thresholds.j4'), label: 'Joint 5', min: 2, max: 80, increment: 1, unit: 'Nm'},\n      {value: parameter('safety.torque_thresholds.j5'), label: 'Joint 6', min: 1, max: 40, increment: 1, unit: 'Nm'},\n      {value: parameter('safety.torque_thresholds.j6'), label: 'Joint 7', min: 1, max: 40, increment: 1, unit: 'Nm'},\n    ],\n    step: step\n  \"/>\n</step>","components":"<component name=\"grid-widget\">\n  <template src=\"base/grid_widget.html\"></template>\n  <viewmodel src=\"base/grid_widget.js\"></viewmodel>\n</component>\n<component name=\"alternative-selector\">\n  <template src=\"base/alternative_selector.html\"></template>\n  <viewmodel src=\"base/alternative_selector.js\"></viewmodel>\n</component>\n<component name=\"reset-strategy-picker\">\n  <template src=\"base/reset_strategy_picker.html\"></template>\n  <viewmodel src=\"base/reset_strategy_picker.js\"></viewmodel>\n</component>\n<component name=\"trajectory-teaching-base\">\n  <template src=\"base/trajectory_teaching_base.html\"></template>\n  <viewmodel src=\"base/trajectory_teaching_base.js\"></viewmodel>\n</component>\n<component name=\"trajectory-teaching\" linkable>\n  <template src=\"base/trajectory_teaching.html\"></template>\n  <viewmodel src=\"base/trajectory_teaching.js\"></viewmodel>\n</component>\n<component name=\"approach-retract-teaching\">\n  <template src=\"base/approach_retract_teaching.html\"></template>\n  <viewmodel src=\"base/approach_retract_teaching.js\"></viewmodel>\n</component>\n<component name=\"pose-teaching single-pose-teaching\" linkable>\n  <template src=\"base/pose_teaching.html\"></template>\n  <viewmodel src=\"base/pose_teaching.js\"></viewmodel>\n</component>\n<component name=\"two-pose-teaching\" linkable>\n  <template src=\"base/two_pose_teaching.html\"></template>\n  <viewmodel src=\"base/two_pose_teaching.js\"></viewmodel>\n</component>\n<component name=\"robot-pose single-robot-pose\" linkable>\n  <template src=\"base/robot_pose.html\"></template>\n  <viewmodel src=\"base/robot_pose.js\"></viewmodel>\n</component>\n<component name=\"robot-pose-carousel\" linkable>\n  <template src=\"base/robot_pose_carousel.html\"></template>\n  <viewmodel src=\"base/robot_pose_carousel.js\"></viewmodel>\n</component>\n<component name=\"haptic-gestures\">\n  <template src=\"base/haptic_gestures.html\"></template>\n  <viewmodel src=\"base/haptic_gestures.js\"></viewmodel>\n</component>\n<component name=\"points-list\">\n  <template src=\"base/points_list.html\"></template>\n  <viewmodel src=\"base/points_list.js\"></viewmodel>\n</component>","parameter":{"cartesian_impedance":{"K_x":2500,"K_x_rot":250,"K_y":2500,"K_y_rot":250,"K_z":2500,"K_z_rot":250},"current_teaching_reference":{"pose":[1,0,0,0,0,1,0,0,0,0,1,0,0,0,0,1]},"joint_impedance":{"K_j0":3500,"K_j1":3500,"K_j2":3500,"K_j3":3000,"K_j4":2500,"K_j5":2000,"K_j6":1000},"poses":[{"gripper_closed_width":-1,"gripper_open_width":-1,"pose":{"joint_angles":[],"pose":[0,0,0,0,0,0,0,0,0,0,0,0,0,0,0,0]},"relative_trajectories":[[{"joint_angles":[0.033060072026614706,-0.7889625869268831,0.04122212976585722,-2.2953323852724345,0.033725235689560054,1.5883848253102804,0.8209580529694045],"pose":[0.9962858682871549,0.028134017101575926,0.08126310746117238,0,0.028821725972433987,-0.9995482670380847,-0.007301840476186969,0,0.08102252806685184,0.009617048651814388,-0.9966658729588792,0,0.31540623569211595,0.032110078222702794,0.5184582696195892,1]},{"joint_angles":[0.15058121575441277,-1.0390547251299729,1.375578538705319,-2.8324668578986,0.6719441829257541,2.4240498155119377,0.19792320009403755],"pose":[0.15693225855995008,0.9875366994480803,-0.011148110497873398,0,0.8237111027828704,-0.1246541999927801,0.5531203273046432,0,0.5448474536303768,-0.0959870926604627,-0.8330232471636586,0,0.17348216559489626,0.3229006944777379,0.21783635215067526,1]},{"joint_angles":[-0.22024335332084116,-0.8555109279072141,1.6888831482517213,-2.8226620584657134,0.6703782687717383,2.796746380460677,0.19692851182156138],"pose":[0.15061478581469395,0.9881776664196334,-0.028298989110037143,0,0.795588583277933,-0.10417015161258714,0.5967982343908455,0,0.5868060744329499,-0.11240315501066472,-0.8018878735535533,0,0.22993301822579032,0.3171256971390467,0.1514192602381907,1]}]],"teaching_reference":{"pose":[1,0,0,0,0,1,0,0,0,0,1,0,0,0,0,1]}},{"gripper_closed_width":-1,"gripper_open_width":-1,"pose":{"joint_angles":[],"pose":[0,0,0,0,0,0,0,0,0,0,0,0,0,0,0,0]},"relative_trajectories":[[{"joint_angles":[-0.08827220865376273,-0.8870099912825737,1.5252322991169003,-2.8521963203446727,0.6705455841017357,2.7946258267208504,0.23321080768228333],"pose":[0.17454723431630503,0.9796730133657175,0.0987663747267854,0,0.7615086534550801,-0.19789935899871158,0.6171881085391534,0,0.6242003541461816,-0.032517654439199975,-0.7805872917448466,0,0.23321031396025732,0.32460433242133263,0.19623101486214956,1]}]],"teaching_reference":{"pose":[1,0,0,0,0,1,0,0,0,0,1,0,0,0,0,1]}},{"gripper_closed_width":-1,"gripper_open_width":-1,"pose":{"joint_angles":[],"pose":[0,0,0,0,0,0,0,0,0,0,0,0,0,0,0,0]},"relative_trajectories":[[{"joint_angles":[-0.029536845218343273,-0.9724158384429216,1.1828118710936153,-2.6165732446530394,0.3960142177409595,2.325190078528198,0.15045057730211153],"pose":[0.1674049316344297,0.9849748579607203,-0.042200295626209305,0,0.8064872352238538,-0.11219882621066285,0.5804916103779124,0,0.5670457352319304,-0.1312136843649131,-0.8131679427957453,0,0.2358069548883831,0.3552303554220389,0.31161033351633993,1]},{"joint_angles":[-0.7001679201484804,-0.8575763210548677,1.7287957724223868,-1.809054968265791,0.5178553543554412,2.0686804454929697,0.18915933366947704],"pose":[0.05167089090894772,0.9979674750920595,-0.03703761050963281,0,0.917851807059062,-0.032843201171615544,0.3955377748286799,0,0.39352497733169106,-0.054433874969729235,-0.9177009564514313,0,0.22013646117396826,0.5988137017133388,0.3001358109608806,1]},{"joint_angles":[-0.9490877882867521,-0.8788951599809246,1.9788688263206464,-1.82112128037634,0.573120527472761,2.245229404252255,0.18916291817942896],"pose":[0.10808960337756524,0.9937295198848999,-0.028267045339325197,0,0.9347973862647995,-0.09192118516667797,0.34305260420416694,0,0.33830967287187447,-0.06350560270634185,-0.9388895588226709,0,0.2746889617103607,0.5944163941140922,0.19712404518272872,1]}]],"teaching_reference":{"pose":[1,0,0,0,0,1,0,0,0,0,1,0,0,0,0,1]}},{"gripper_closed_width":-1,"gripper_open_width":-1,"pose":{"joint_angles":[],"pose":[0,0,0,0,0,0,0,0,0,0,0,0,0,0,0,0]},"relative_trajectories":[[{"joint_angles":[-0.5071031664515496,-1.7290116616653868,1.5459910205423808,-1.9188906559007373,0.5718326133555867,2.328920206663457,0.515617038173808],"pose":[0.04920888152350715,0.994851967833583,0.08848047794887637,0,0.24626137863136116,-0.09793818280360972,0.9642324370424988,0,0.9679527907553152,-0.02565996930781877,-0.24981785533487985,0,0.2143042760973731,0.6156365079663437,0.28074031360757723,1]}]],"teaching_reference":{"pose":[1,0,0,0,0,1,0,0,0,0,1,0,0,0,0,1]}},{"gripper_closed_width":-1,"gripper_open_width":-1,"pose":{"joint_angles":[],"pose":[0,0,0,0,0,0,0,0,0,0,0,0,0,0,0,0]},"relative_trajectories":[[{"joint_angles":[-0.48692827847375947,-0.3999949284599049,1.4844332622144265,-1.6273576310217157,-0.8296733699686578,2.3195988589457963,0.6685148506992393],"pose":[-0.15733373374615162,0.982064377608777,0.10380944734747816,0,0.27265581081916357,-0.057833959128277435,0.9603618010413062,0,0.9491591000078192,0.17940501104462486,-0.25867130665078575,0,0.31151587708896233,0.5884355932521705,0.6602372379808165,1]},{"joint_angles":[-0.4914745866482457,-0.03481161824187747,0.7429106316273203,-1.6859213695171533,-0.8078112004068162,2.821216624710304,0.19386845853199342],"pose":[0.026548274581334824,0.9951146556851118,0.09498819957586224,0,0.2949577958732742,-0.09858908095287294,0.9504003570452065,0,0.9551405127762528,0.002786073980389796,-0.2961398970846258,0,0.6648794147474675,0.1921398021091109,0.6900339529345958,1]},{"joint_angles":[-1.723321295243444,0.2026544545784331,1.3841908704189,-1.9667175487233826,-0.7181624092525905,3.432653727147314,-0.1781708114368642],"pose":[0.13465896039835357,0.9800072244409455,0.14640201955300147,0,0.1459457698743924,-0.16575239302531491,0.9752982740492063,0,0.9800847093053886,-0.1099680134319725,-0.1653511373036103,0,0.6582479895150268,-0.18858519135039556,0.5975785714799727,1]},{"joint_angles":[-2.707648530781093,0.651822632965444,1.5696761624976137,-2.4269142047627708,-1.2292578027490584,3.6997786930982985,-0.4656661105865827],"pose":[0.3310507060583639,0.9432385978525795,0.026213058588553828,0,0.09955514284393135,-0.06253859008875984,0.993055106821491,0,0.938345300329457,-0.3261482288400292,-0.11460990434571248,0,0.3372304384871009,-0.4280464331537421,0.45592598151071534,1]},{"joint_angles":[-2.5607066023362,1.215766308650073,0.9452790976520461,-2.421232013207499,-1.5755835578816055,3.6558677780631523,-0.9134686681406203],"pose":[0.29171413821951253,0.9549470350675799,0.05440375611750997,0,0.14566901428580287,-0.10056874062040361,0.9841987673169668,0,0.945347212867544,-0.2791851288963603,-0.16844675991745703,0,0.25348581944173426,-0.4343786199368206,0.19289083433116574,1]}]],"teaching_reference":{"pose":[1,0,0,0,0,1,0,0,0,0,1,0,0,0,0,1]}},{"gripper_closed_width":-1,"gripper_open_width":-1,"pose":{"joint_angles":[],"pose":[0,0,0,0,0,0,0,0,0,0,0,0,0,0,0,0]},"relative_trajectories":[[{"joint_angles":[-2.8683527846652637,1.6599927167879314,1.1684527182783038,-2.528873968304283,-1.4232994799987606,3.0419534124776457,-2.8456222943019993],"pose":[-0.2160179909975773,0.10643496311727707,-0.9705609579479295,0,0.24907488895646568,0.967150262017424,0.050624275522326345,0,0.9440846542363955,-0.230811052360314,-0.23543666609869737,0,0.26235996550382557,-0.4351591581786219,0.2077313014016008,1]}]],"teaching_reference":{"pose":[1,0,0,0,0,1,0,0,0,0,1,0,0,0,0,1]}},{"gripper_closed_width":-1,"gripper_open_width":-1,"pose":{"joint_angles":[],"pose":[0,0,0,0,0,0,0,0,0,0,0,0,0,0,0,0]},"relative_trajectories":[[{"joint_angles":[-2.853336088015832,1.6688812227416456,1.5415571696882258,-2.57978632414655,-1.4239296529591081,3.043206552266991,-2.6314613622791234],"pose":[-0.0405138270985044,-0.04299107886597647,-0.9982440302115411,0,0.24843956458777797,0.9672546525865764,-0.05173941146036609,0,0.967799148890084,-0.2501042890707733,-0.02850705168957691,0,0.27013662432121166,-0.42373176324413697,0.39897078105030315,1]},{"joint_angles":[-2.509741416613878,0.4391029378627639,2.6506096475847314,-2.024831901933162,-0.3657006130483415,2.883540018632424,-0.8906463240437661],"pose":[-0.22716509777449326,0.9384902460062161,-0.2600246592258223,0,0.25349299343834686,0.3147854492734157,0.9146759918706778,0,0.9402845791951551,0.14187076334216672,-0.3094149263311339,0,0.5739348344828503,0.03524726908889002,0.7249107404521018,1]},{"joint_angles":[0.5122005051247485,-0.5974252024657665,0.3263238071643964,-1.968470180014506,0.12908570568760236,1.4576882396483464,0.1293561252251489],"pose":[0.10496167354853186,0.994372565642864,0.013674599954943502,0,0.9912561997224585,-0.10571693690484152,0.07884048873805397,0,0.07984399312791933,0.0052799039972451535,-0.9967933885089569,0,0.20421735822793224,0.3084091354138508,0.5792802733383392,1]},{"joint_angles":[-0.20950667464767828,-1.5891288180797052,1.0751192117639274,-2.6675536842675234,0.9233389165103434,2.0090200690677653,-0.248599585927195],"pose":[0.2416441450238573,0.959761347014543,0.1429930447739585,0,0.7250420747233115,-0.27652022025685524,0.6307386975374387,0,0.6449115067437753,-0.04873927782811251,-0.76270153485244,0,0.24742185740736078,0.3000841048293522,0.38393910462316677,1]},{"joint_angles":[-0.15998766810473125,-1.550980282733315,1.6882467692065928,-2.6945520838681074,1.260952930573771,2.154832843037351,-0.07128169520164532],"pose":[0.2900506892579491,0.9569867274331931,-0.005267644530914495,0,0.7684128592861874,-0.2296083677870579,0.5973294083058338,0,0.5704378030867571,-0.17730694609700293,-0.8019744133545088,0,0.23285131197464398,0.3201380423948896,0.16596060297079376,1]}]],"teaching_reference":{"pose":[1,0,0,0,0,1,0,0,0,0,1,0,0,0,0,1]}},{"gripper_closed_width":-1,"gripper_open_width":-1,"pose":{"joint_angles":[],"pose":[0,0,0,0,0,0,0,0,0,0,0,0,0,0,0,0]},"relative_trajectories":[[{"joint_angles":[0.05462610999832681,-1.7267293893914728,1.6712967586852387,-2.6834190181765156,1.0480662443323268,2.0276937566912347,0.30800409519844135],"pose":[0.39420208095964115,0.9145209825154296,0.09075703172377358,0,0.5736470325925573,-0.3220107079539226,0.7531393847502433,0,0.7180003298813113,-0.24483132454763729,-0.6515620836194946,0,0.18443729584147484,0.33099667104487973,0.1998550813595606,1]},{"joint_angles":[0.011906859231491944,-0.668955761008986,0.07694193696192979,-2.2186016224984373,-0.03843365185956993,1.5847205853707966,0.868112778428528],"pose":[0.9991359304420804,-0.008018853836125717,0.04054426450191855,0,-0.011363212161866976,-0.9964800453512421,0.08294060240533105,0,0.03973722702659359,-0.08333125342001375,-0.9957293080911531,0,0.3455460748928148,0.02568687425606709,0.5153056440047139,1]}]],"teaching_reference":{"pose":[1,0,0,0,0,1,0,0,0,0,1,0,0,0,0,1]}}],"safety":{"force_thresholds":{"x":10,"x_rot":5,"y":10,"y_rot":5,"z":10,"z_rot":5},"torque_thresholds":{"j0":10,"j1":10,"j2":10,"j3":8,"j4":8,"j5":4,"j6":4}},"speed":0.47},"valid":true}