{"id":"0_llm_task_tea","containers":[{"elements":[{"id":"gripper_move_skill2","parameter":{"cartesian_impedance":{"access":["parent","parameter","cartesian_impedance"]},"joint_impedance":{"access":["parent","parameter","joint_impedance"]},"safety":{"access":["parent","parameter","safety"]},"speed":0.1,"width":0},"name":"Gripper Move","link":"gripper_move_skill","componentProviders":{"gripper-width":{"linkConfig":null,"componentLookupTable":[]},"speed":{"linkConfig":null,"componentLookupTable":[]}},"enabled":true,"isTracePoint":false},{"id":"joint_motion","parameter":{"acceleration":0.95,"cartesian_impedance":{"access":["parent","parameter","cartesian_impedance"]},"joint_impedance":{"access":["parent","parameter","joint_impedance"]},"motion":{"access":["parameter","poses",1,"relative_trajectories",1]},"safety":{"access":["parent","parameter","safety"]},"speed":{"access":["parent","parameter","speed"]},"velocity":1},"name":"Joint Motion","link":"joint_motion","componentProviders":{"acceleration":{"linkConfig":null,"componentLookupTable":[]},"motion":{"linkConfig":{"components":["robot-pose-carousel"],"sourceDistance":2,"parameters":{"points":["motion"]}},"componentLookupTable":[{"name":"robot-pose-carousel","sourcePath":{"id":"0_llm_task_tea","indices":[]},"dependencies":[]}]},"velocity":{"linkConfig":null,"componentLookupTable":[]}},"enabled":true,"isTracePoint":false},{"id":"gripper_move_skill","parameter":{"cartesian_impedance":{"access":["parent","parameter","cartesian_impedance"]},"joint_impedance":{"access":["parent","parameter","joint_impedance"]},"safety":{"access":["parent","parameter","safety"]},"speed":0.1,"width":0.022},"name":"Gripper Move","link":"gripper_move_skill","componentProviders":{"gripper-width":{"linkConfig":null,"componentLookupTable":[]},"speed":{"linkConfig":null,"componentLookupTable":[]}},"enabled":true,"isTracePoint":false},{"id":"joint_motion2","parameter":{"acceleration":1,"cartesian_impedance":{"access":["parent","parameter","cartesian_impedance"]},"joint_impedance":{"access":["parent","parameter","joint_impedance"]},"motion":{"access":["parameter","poses",2,"relative_trajectories",1]},"safety":{"access":["parent","parameter","safety"]},"speed":{"access":["parent","parameter","speed"]},"velocity":1},"name":"Joint Motion","link":"joint_motion","componentProviders":{"acceleration":{"linkConfig":null,"componentLookupTable":[]},"motion":{"linkConfig":{"components":["robot-pose-carousel"],"sourceDistance":2,"parameters":{"points":["motion"]}},"componentLookupTable":[{"name":"robot-pose-carousel","sourcePath":{"id":"0_llm_task_tea","indices":[]},"dependencies":[]}]},"velocity":{"linkConfig":null,"componentLookupTable":[]}},"enabled":true,"isTracePoint":false},{"id":"gripper_grasp","parameter":{"cartesian_impedance":{"access":["parent","parameter","cartesian_impedance"]},"force":20,"joint_impedance":{"access":["parent","parameter","joint_impedance"]},"object_config":{"F_x_Cload":[0,0,0],"I_load":[0.01,0,0,0,0.01,0,0,0,0.01],"m_load":0.005},"safety":{"access":["parent","parameter","safety"]},"speed":0.1,"width":0},"name":"Gripper Grasp","link":"gripper_grasp","componentProviders":{"Force":{"linkConfig":null,"componentLookupTable":[]},"Load":{"linkConfig":null,"componentLookupTable":[]},"gripper-width":{"linkConfig":null,"componentLookupTable":[]},"speed":{"linkConfig":null,"componentLookupTable":[]}},"enabled":true,"isTracePoint":false},{"id":"joint_motion3","parameter":{"acceleration":1,"cartesian_impedance":{"access":["parent","parameter","cartesian_impedance"]},"joint_impedance":{"access":["parent","parameter","joint_impedance"]},"motion":{"access":["parameter","poses",3,"relative_trajectories",1]},"safety":{"access":["parent","parameter","safety"]},"speed":{"access":["parent","parameter","speed"]},"velocity":1},"name":"Joint Motion","link":"joint_motion","componentProviders":{"acceleration":{"linkConfig":null,"componentLookupTable":[]},"motion":{"linkConfig":{"components":["robot-pose-carousel"],"sourceDistance":2,"parameters":{"points":["motion"]}},"componentLookupTable":[{"name":"robot-pose-carousel","sourcePath":{"id":"0_llm_task_tea","indices":[]},"dependencies":[]}]},"velocity":{"linkConfig":null,"componentLookupTable":[]}},"enabled":true,"isTracePoint":false},{"id":"gripper_move_skill3","parameter":{"cartesian_impedance":{"access":["parent","parameter","cartesian_impedance"]},"joint_impedance":{"access":["parent","parameter","joint_impedance"]},"safety":{"access":["parent","parameter","safety"]},"speed":0.1,"width":0.079},"name":"Gripper Move","link":"gripper_move_skill","componentProviders":{"gripper-width":{"linkConfig":null,"componentLookupTable":[]},"speed":{"linkConfig":null,"componentLookupTable":[]}},"enabled":true,"isTracePoint":false},{"id":"joint_motion4","parameter":{"acceleration":1,"cartesian_impedance":{"access":["parent","parameter","cartesian_impedance"]},"joint_impedance":{"access":["parent","parameter","joint_impedance"]},"motion":{"access":["parameter","poses",4,"relative_trajectories",1]},"safety":{"access":["parent","parameter","safety"]},"speed":{"access":["parent","parameter","speed"]},"velocity":1},"name":"Joint Motion","link":"joint_motion","componentProviders":{"acceleration":{"linkConfig":null,"componentLookupTable":[]},"motion":{"linkConfig":{"components":["robot-pose-carousel"],"sourceDistance":2,"parameters":{"points":["motion"]}},"componentLookupTable":[{"name":"robot-pose-carousel","sourcePath":{"id":"0_llm_task_tea","indices":[]},"dependencies":[]}]},"velocity":{"linkConfig":null,"componentLookupTable":[]}},"enabled":true,"isTracePoint":false},{"id":"gripper_grasp2","parameter":{"cartesian_impedance":{"access":["parent","parameter","cartesian_impedance"]},"force":50,"joint_impedance":{"access":["parent","parameter","joint_impedance"]},"object_config":{"F_x_Cload":[0,0,0],"I_load":[0.01,0,0,0,0.01,0,0,0,0.01],"m_load":0.5},"safety":{"access":["parent","parameter","safety"]},"speed":0.1,"width":0.011},"name":"Gripper Grasp","link":"gripper_grasp","componentProviders":{"Force":{"linkConfig":null,"componentLookupTable":[]},"Load":{"linkConfig":null,"componentLookupTable":[]},"gripper-width":{"linkConfig":null,"componentLookupTable":[]},"speed":{"linkConfig":null,"componentLookupTable":[]}},"enabled":true,"isTracePoint":false},{"id":"joint_motion5","parameter":{"acceleration":1,"cartesian_impedance":{"access":["parent","parameter","cartesian_impedance"]},"joint_impedance":{"access":["parent","parameter","joint_impedance"]},"motion":{"access":["parameter","poses",5,"relative_trajectories",1]},"safety":{"access":["parent","parameter","safety"]},"speed":{"access":["parent","parameter","speed"]},"velocity":1},"name":"Joint Motion","link":"joint_motion","componentProviders":{"acceleration":{"linkConfig":null,"componentLookupTable":[]},"motion":{"linkConfig":{"components":["robot-pose-carousel"],"sourceDistance":2,"parameters":{"points":["motion"]}},"componentLookupTable":[{"name":"robot-pose-carousel","sourcePath":{"id":"0_llm_task_tea","indices":[]},"dependencies":[]}]},"velocity":{"linkConfig":null,"componentLookupTable":[]}},"enabled":true,"isTracePoint":false},{"id":"wait","parameter":{"cartesian_impedance":{"access":["parent","parameter","cartesian_impedance"]},"duration":5,"joint_impedance":{"access":["parent","parameter","joint_impedance"]},"safety":{"access":["parent","parameter","safety"]}},"name":"Wait","link":"wait","componentProviders":{"duration":{"linkConfig":null,"componentLookupTable":[]}},"enabled":true,"isTracePoint":false},{"id":"joint_motion6","parameter":{"acceleration":1,"cartesian_impedance":{"access":["parent","parameter","cartesian_impedance"]},"joint_impedance":{"access":["parent","parameter","joint_impedance"]},"motion":{"access":["parameter","poses",6,"relative_trajectories",1]},"safety":{"access":["parent","parameter","safety"]},"speed":{"access":["parent","parameter","speed"]},"velocity":1},"name":"Joint Motion","link":"joint_motion","componentProviders":{"acceleration":{"linkConfig":null,"componentLookupTable":[]},"motion":{"linkConfig":{"components":["robot-pose-carousel"],"sourceDistance":2,"parameters":{"points":["motion"]}},"componentLookupTable":[{"name":"robot-pose-carousel","sourcePath":{"id":"0_llm_task_tea","indices":[]},"dependencies":[]}]},"velocity":{"linkConfig":null,"componentLookupTable":[]}},"enabled":true,"isTracePoint":false},{"id":"gripper_move_skill4","parameter":{"cartesian_impedance":{"access":["parent","parameter","cartesian_impedance"]},"joint_impedance":{"access":["parent","parameter","joint_impedance"]},"safety":{"access":["parent","parameter","safety"]},"speed":0.1,"width":0.079},"name":"Gripper Move","link":"gripper_move_skill","componentProviders":{"gripper-width":{"linkConfig":null,"componentLookupTable":[]},"speed":{"linkConfig":null,"componentLookupTable":[]}},"enabled":true,"isTracePoint":false},{"id":"joint_motion7","parameter":{"acceleration":1,"cartesian_impedance":{"access":["parent","parameter","cartesian_impedance"]},"joint_impedance":{"access":["parent","parameter","joint_impedance"]},"motion":{"access":["parameter","poses",7,"relative_trajectories",1]},"safety":{"access":["parent","parameter","safety"]},"speed":{"access":["parent","parameter","speed"]},"velocity":1},"name":"Joint Motion","link":"joint_motion","componentProviders":{"acceleration":{"linkConfig":null,"componentLookupTable":[]},"motion":{"linkConfig":{"components":["robot-pose-carousel"],"sourceDistance":2,"parameters":{"points":["motion"]}},"componentLookupTable":[{"name":"robot-pose-carousel","sourcePath":{"id":"0_llm_task_tea","indices":[]},"dependencies":[]}]},"velocity":{"linkConfig":null,"componentLookupTable":[]}},"enabled":true,"isTracePoint":false}],"relativePath":["timeline_body"],"isTracePoint":false}],"name":"LLM_task_tea","contextMenu":"<step id=\"speed\" name=\"Robot speed\" label=\"Set the speed of the robot's motions.\"\n  configured=\"parameter('speed')()\" class=\"flex-column\">\n  <h2 data-bind=\"html: step.label\"><br></h2>\n  <linear-slider params=\"\n    value: parameter('speed').multiply(100).round(),\n    min: 1, max: 100, increment: 1,\n    unit: '%',\n    step: step\n    \"/>\n</step>\n<step id=\"cart-comp\" name=\"Cartesian Compliance\" class=\"flex-column\"\n  label=\"Set the compliance along and around each cartesian axis. Greater compliance is given by lower values.\">\n  <h2 data-bind=\"html: step.label\"></h2>\n  <toggle-slider params=\"\n    parameters: [\n      { value: parameter('cartesian_impedance.K_x').add(-10).multiply(10/299).round(),\n        label: 'K-x',\n        min: 0, max: 100, increment: 1,\n        unit: '%'\n      },\n      { value: parameter('cartesian_impedance.K_y').add(-10).multiply(10/299).round(),\n        label: 'K-y',\n        min: 0, max: 100, increment: 1,\n        unit: '%'\n      },\n      { value: parameter('cartesian_impedance.K_z').add(-10).multiply(10/299).round(),\n        label: 'K-z',\n        min: 0, max: 100, increment: 1,\n        unit: '%'\n      },\n      { value: parameter('cartesian_impedance.K_x_rot').add(-1).multiply(100/299).round(),\n        label: 'K-x_rot',\n        min: 0, max: 100, increment: 1,\n        unit: '%'\n      },\n      { value: parameter('cartesian_impedance.K_y_rot').add(-1).multiply(100/299).round(),\n        label: 'K-y_rot',\n        min: 0, max: 100, increment: 1,\n        unit: '%'\n      },\n      { value: parameter('cartesian_impedance.K_z_rot').add(-1).multiply(100/299).round(),\n        label: 'K-z_rot',\n        min: 0, max: 100, increment: 1,\n        unit: '%'\n      },\n    ],\n    step: step\n  \"/>\n</step>\n<step id=\"joint-comp\" name=\"Joint Compliance\" class=\"flex-column\"\n  label=\"Set the compliance for each joint. Greater compliance is given by lower values.\">\n  <h2 data-bind=\"html: step.label\"></h2>\n  <toggle-slider params=\"\n    parameters: [\n      { value: parameter('joint_impedance.K_j0').add(-1).multiply(1/60).round(),\n        label: 'Joint 1',\n        min: 0, max: 100, increment: 1,\n        unit: '%'\n      },\n      { value: parameter('joint_impedance.K_j1').add(-1).multiply(1/60).round(),\n        label: 'Joint 2',\n        min: 0, max: 100, increment: 1,\n        unit: '%'\n      },\n      { value: parameter('joint_impedance.K_j2').add(-1).multiply(1/60).round(),\n        label: 'Joint 3',\n        min: 0, max: 100, increment: 1,\n        unit: '%'\n      },\n      { value: parameter('joint_impedance.K_j3').add(-1).multiply(1/60).round(),\n        label: 'Joint 4',\n        min: 0, max: 100, increment: 1,\n        unit: '%'\n      },\n      { value: parameter('joint_impedance.K_j4').add(-1).multiply(1/60).round(),\n        label: 'Joint 5',\n        min: 0, max: 100, increment: 1,\n        unit: '%'\n      },\n      { value: parameter('joint_impedance.K_j5').add(-1).multiply(1/60).round(),\n        label: 'Joint 6',\n        min: 0, max: 100, increment: 1,\n        unit: '%'\n      },\n      { value: parameter('joint_impedance.K_j6').add(-1).multiply(1/60).round(),\n        label: 'Joint 7',\n        min: 0, max: 100, increment: 1,\n        unit: '%'\n      },\n    ],\n    step: step\n  \"/>\n</step>\n<step id=\"all-force\" name=\"Force Thresholds\" class=\"flex-column\"\n  label=\"Set the force thresholds along and around each cartesian axis. Higher values will be interpreted as collisions.\">\n  <h2 data-bind=\"html: step.label\"></h2>\n  <toggle-slider params=\"\n    parameters: [\n      {value: parameter('safety.force_thresholds.x'), label: 'x', min: 3, max: 100, increment: 1, unit: 'N'},\n      {value: parameter('safety.force_thresholds.y'), label: 'y', min: 3, max: 100, increment: 1, unit: 'N'},\n      {value: parameter('safety.force_thresholds.z'), label: 'z', min: 3, max: 100, increment: 1, unit: 'N'},\n      {value: parameter('safety.force_thresholds.x_rot'), label: 'x-rot', min: 1, max: 30, increment: 1, unit: 'Nm'},\n      {value: parameter('safety.force_thresholds.y_rot'), label: 'y-rot', min: 1, max: 30, increment: 1, unit: 'Nm'},\n      {value: parameter('safety.force_thresholds.z_rot'), label: 'z-rot', min: 1, max: 30, increment: 1, unit: 'Nm'},\n    ],\n    step: step\n  \"/>\n</step>\n<step id=\"all-torque\" name=\"Torque Thresholds\" class=\"flex-column\"\n  label=\"Set the torque thresholds for each joint. Higher values will be interpreted as collisions.\">\n  <h2 data-bind=\"html: step.label\"></h2>\n  <toggle-slider params=\"\n    parameters: [\n      {value: parameter('safety.torque_thresholds.j0'), label: 'Joint 1', min: 3, max: 100, increment: 1, unit: 'Nm'},\n      {value: parameter('safety.torque_thresholds.j1'), label: 'Joint 2', min: 3, max: 100, increment: 1, unit: 'Nm'},\n      {value: parameter('safety.torque_thresholds.j2'), label: 'Joint 3', min: 3, max: 100, increment: 1, unit: 'Nm'},\n      {value: parameter('safety.torque_thresholds.j3'), label: 'Joint 4', min: 2, max: 80, increment: 1, unit: 'Nm'},\n      {value: parameter('safety.torque_thresholds.j4'), label: 'Joint 5', min: 2, max: 80, increment: 1, unit: 'Nm'},\n      {value: parameter('safety.torque_thresholds.j5'), label: 'Joint 6', min: 1, max: 40, increment: 1, unit: 'Nm'},\n      {value: parameter('safety.torque_thresholds.j6'), label: 'Joint 7', min: 1, max: 40, increment: 1, unit: 'Nm'},\n    ],\n    step: step\n  \"/>\n</step>","components":"<component name=\"grid-widget\">\n  <template src=\"base/grid_widget.html\"></template>\n  <viewmodel src=\"base/grid_widget.js\"></viewmodel>\n</component>\n<component name=\"alternative-selector\">\n  <template src=\"base/alternative_selector.html\"></template>\n  <viewmodel src=\"base/alternative_selector.js\"></viewmodel>\n</component>\n<component name=\"reset-strategy-picker\">\n  <template src=\"base/reset_strategy_picker.html\"></template>\n  <viewmodel src=\"base/reset_strategy_picker.js\"></viewmodel>\n</component>\n<component name=\"trajectory-teaching-base\">\n  <template src=\"base/trajectory_teaching_base.html\"></template>\n  <viewmodel src=\"base/trajectory_teaching_base.js\"></viewmodel>\n</component>\n<component name=\"trajectory-teaching\" linkable>\n  <template src=\"base/trajectory_teaching.html\"></template>\n  <viewmodel src=\"base/trajectory_teaching.js\"></viewmodel>\n</component>\n<component name=\"approach-retract-teaching\">\n  <template src=\"base/approach_retract_teaching.html\"></template>\n  <viewmodel src=\"base/approach_retract_teaching.js\"></viewmodel>\n</component>\n<component name=\"pose-teaching single-pose-teaching\" linkable>\n  <template src=\"base/pose_teaching.html\"></template>\n  <viewmodel src=\"base/pose_teaching.js\"></viewmodel>\n</component>\n<component name=\"two-pose-teaching\" linkable>\n  <template src=\"base/two_pose_teaching.html\"></template>\n  <viewmodel src=\"base/two_pose_teaching.js\"></viewmodel>\n</component>\n<component name=\"robot-pose single-robot-pose\" linkable>\n  <template src=\"base/robot_pose.html\"></template>\n  <viewmodel src=\"base/robot_pose.js\"></viewmodel>\n</component>\n<component name=\"robot-pose-carousel\" linkable>\n  <template src=\"base/robot_pose_carousel.html\"></template>\n  <viewmodel src=\"base/robot_pose_carousel.js\"></viewmodel>\n</component>\n<component name=\"haptic-gestures\">\n  <template src=\"base/haptic_gestures.html\"></template>\n  <viewmodel src=\"base/haptic_gestures.js\"></viewmodel>\n</component>\n<component name=\"points-list\">\n  <template src=\"base/points_list.html\"></template>\n  <viewmodel src=\"base/points_list.js\"></viewmodel>\n</component>","parameter":{"cartesian_impedance":{"K_x":2500,"K_x_rot":250,"K_y":2500,"K_y_rot":250,"K_z":2500,"K_z_rot":250},"current_teaching_reference":{"pose":[1,0,0,0,0,1,0,0,0,0,1,0,0,0,0,1]},"joint_impedance":{"K_j0":3500,"K_j1":3500,"K_j2":3500,"K_j3":3000,"K_j4":2500,"K_j5":2000,"K_j6":1000},"poses":[{"gripper_closed_width":-1,"gripper_open_width":-1,"pose":{"joint_angles":[],"pose":[0,0,0,0,0,0,0,0,0,0,0,0,0,0,0,0]},"relative_trajectories":[[{"joint_angles":[0.111874659575886,-0.4577275428897272,-0.1396897691353003,-2.2829539279291193,-0.018894888162004575,1.898000405245357,0.9325734104348553],"pose":[0.9854673975243758,-0.15810664834642207,0.061943870289180275,0,-0.15494354842066926,-0.9864939801802074,-0.052942145519732614,0,0.06947909802167153,0.042575775014774914,-0.9966744495169856,0,0.4300560183902,-0.015103919580085029,0.4306586158904129,1]},{"joint_angles":[-0.0006599368271956788,0.9482796654784889,1.8036356943154268,-2.0761217253947213,0.6230325897954048,2.3489708670009337,-0.8650642286008443],"pose":[-0.10251063674142602,0.010100822000278509,0.9946709454141075,0,0.2297899636970191,0.9731325084387884,0.013800018295730188,0,-0.9678258743007768,0.22998447701358257,-0.10207946594063778,0,-0.07979098412402849,0.5796881087167061,0.5096617342280862,1]},{"joint_angles":[0.4210657207212792,1.6514667699283923,1.332142355909527,-1.993758432128853,-0.005617333143986553,2.588796275561545,-1.0131418099763758],"pose":[-0.0657122756898127,0.02116503232693928,0.9976044732916317,0,0.15568103379916814,0.9877396675004644,-0.010701021563523816,0,-0.985618974432861,0.15460788392643426,-0.06820292857132684,0,-0.17359896047475964,0.6220357167040453,0.1691610625856514,1]},{"joint_angles":[0.5496074485751081,1.6812345920625469,1.311929693903107,-1.9279185816240794,-0.005561340732231376,2.6451761153644884,-1.0116816004547184],"pose":[-0.08056787029103546,0.04903539561234371,0.9955325686059279,0,0.14380746462521288,0.9889013786156919,-0.03707051916632398,0,-0.9863202868460212,0.14018102078227235,-0.08672700368641052,0,-0.22326080533992482,0.6292292173237133,0.14350344876068005,1]},{"joint_angles":[0.5485822506711034,1.6865855480879577,1.2982805854563126,-1.9274793622423116,-0.005449282807804334,2.645180105891325,-1.0096787689183067],"pose":[-0.08284445334458214,0.06536760968864003,0.9944066668394975,0,0.14402021825209638,0.9881469534337894,-0.05295773838965645,0,-0.9861006245774904,0.13883008321161502,-0.0912785089894635,0,-0.22291135095162387,0.626516196684396,0.133880407592469,1]},{"joint_angles":[0.23742462941250408,1.6098928031593185,1.5768000770276491,-2.0228560554335595,-0.10498150596583311,2.3542213220927968,-0.6684666628009743],"pose":[-0.03039263747495921,0.05301478922837344,0.9981214688661871,0,0.09791221892440954,0.9939380217257707,-0.04981117599864515,0,-0.9947307588532356,0.09621624721936407,-0.03539987517334334,0,-0.09399477475144367,0.6109106575797667,0.3255333650650087,1]},{"joint_angles":[0.7506240200833295,0.9730893043672297,1.0426589893207197,-1.0299827198135656,-0.9629119684513375,1.7042739776209443,-0.698197680549489],"pose":[-0.9855996045199046,0.059947860041021706,-0.1580519552170048,0,0.04801998001572472,0.9957678613402074,0.07823806453669058,0,0.162076382442404,0.06952309226976204,-0.9843260566985076,0,0.24306605937934347,0.736535214774041,0.306624060709828,1]}]],"teaching_reference":{"pose":[1,0,0,0,0,1,0,0,0,0,1,0,0,0,0,1]}},{"gripper_closed_width":-1,"gripper_open_width":-1,"pose":{"joint_angles":[],"pose":[0,0,0,0,0,0,0,0,0,0,0,0,0,0,0,0]},"relative_trajectories":[[{"joint_angles":[0.7572253680417493,1.2531512808790195,0.9667853054836354,-1.0336465582794947,-1.0685088775489064,1.8795822060197913,-0.6909099563231763],"pose":[-0.9941429262505106,0.0396656804884728,-0.1004351675393966,0,0.03905283782007385,0.9991949943688809,0.008061388688030656,0,0.10067601545722948,0.004091973013774288,-0.9949108481007283,0,0.2575232501989333,0.735954378757388,0.10600725556381727,1]}]],"teaching_reference":{"pose":[1,0,0,0,0,1,0,0,0,0,1,0,0,0,0,1]}},{"gripper_closed_width":-1,"gripper_open_width":-1,"pose":{"joint_angles":[],"pose":[0,0,0,0,0,0,0,0,0,0,0,0,0,0,0,0]},"relative_trajectories":[[{"joint_angles":[0.7261733558491676,1.0378077916264752,1.0563725639887471,-1.026273930133322,-0.9241920642982966,1.6974386449043528,-0.6963965012994077],"pose":[-0.9944131078971783,0.08088795019637945,-0.06767907547027732,0,0.0787970424486703,0.9963340816484207,0.03301773384635408,0,0.07010305601751712,0.027500885824428226,-0.997160600312646,0,0.2469053363676378,0.7294202142682787,0.2670028430245049,1]},{"joint_angles":[-2.188486437415693,1.1789532126203046,1.6784585902624143,-2.004241726834562,-1.230419441650311,1.6022264889876046,0.6475379248744313],"pose":[0.9981972111609856,-0.03742653006239732,-0.04671540836948123,0,-0.03492102888652587,-0.9979557968836719,0.05334319177730316,0,-0.04861729919045357,-0.05161666892223922,-0.9974828708849081,0,0.3419334723418223,-0.451709843476224,0.2536243503544279,1]},{"joint_angles":[-2.1516534044185707,1.1992598769539278,1.5427664614025927,-2.0134745535397376,-1.2498746170534027,1.6896407012144723,0.6677329581873742],"pose":[0.996604547761266,-0.0544697795611262,-0.06158867913288488,0,-0.05459478746315499,-0.998498891016703,-0.0003474499604877654,0,-0.0614784859419762,0.003708762463307974,-0.9981015183072676,0,0.3438559767675864,-0.4493051215405103,0.1875444525905544,1]}]],"teaching_reference":{"pose":[1,0,0,0,0,1,0,0,0,0,1,0,0,0,0,1]}},{"gripper_closed_width":-1,"gripper_open_width":-1,"pose":{"joint_angles":[],"pose":[0,0,0,0,0,0,0,0,0,0,0,0,0,0,0,0]},"relative_trajectories":[[{"joint_angles":[-2.2449044569923324,1.198466267312066,1.80026026689308,-1.9922306073852099,-1.1512857705288464,1.5841889218489327,0.6728066401316495],"pose":[0.994678942593853,-0.08631111368074817,0.05607976209624821,0,-0.08751040969442159,-0.9959671717432526,0.019289061824488113,0,0.054189784960389745,-0.0240944504686529,-0.9982399133788231,0,0.3404666189313564,-0.4463794584568014,0.31213267598121364,1]},{"joint_angles":[0.34308009048264737,1.5641328133198253,1.6051373908507218,-1.9549274448769045,-0.12244574055406782,2.3821004190713793,-0.6639774722225136],"pose":[-0.07563063256278174,0.005184423632246027,0.9971127699869072,0,0.09020510911564125,0.9959121531629129,0.0016638428573467756,0,-0.9930472188738773,0.09007223787474856,-0.07579058682377715,0,-0.12569332500488845,0.6313999392191443,0.3456008357289614,1]},{"joint_angles":[0.5633342225272415,1.7466365607247276,1.4559203033221577,-1.851048786970897,-0.1466956641965406,2.379735054588364,-0.7853117937011214],"pose":[-0.010002834197077783,0.08038179289714381,0.9967042979639822,0,-0.04878949189989641,0.9955277398571953,-0.08077655325763072,0,-0.9987589704380626,-0.049437642569169514,-0.0060364283068793335,0,-0.23347288763174742,0.6225108048731044,0.22052904828007125,1]}]],"teaching_reference":{"pose":[1,0,0,0,0,1,0,0,0,0,1,0,0,0,0,1]}},{"gripper_closed_width":-1,"gripper_open_width":-1,"pose":{"joint_angles":[],"pose":[0,0,0,0,0,0,0,0,0,0,0,0,0,0,0,0]},"relative_trajectories":[[{"joint_angles":[0.5775092537101789,1.7286503867439977,1.6303927295326848,-1.875155914220865,-0.22468612851584727,2.3829983775058956,-0.6266561027898746],"pose":[0.011398579932437519,0.0221668185846588,0.9996796744110421,0,-0.054406165655888516,0.9982774187319361,-0.02151537333478143,0,-0.9984537956368971,-0.05414453571619437,0.012585198860221247,0,-0.2376442232395895,0.6249131624966954,0.33158301782226035,1]},{"joint_angles":[-2.8564699485084337,1.7143600442953277,1.7331153981165657,-2.0250873010817454,-0.31290822230832727,1.7988902342451942,-0.4741443978116834],"pose":[0.19344338538045014,0.03965850689994366,0.9802997533327376,0,0.41828534929275374,-0.9071475457802464,-0.045841505790309434,0,0.8874755963464167,0.4189208263294547,-0.19207396272534943,0,0.13492960051820385,-0.49067795994270835,0.3576341666275066,1]},{"joint_angles":[-2.8518579767250545,1.3502027339266058,1.716941996731563,-2.0538024086732634,-0.3889886808624602,1.8026514411406727,-0.37238025450375345],"pose":[0.6032244045716986,0.0824246143045479,0.7932888802870456,0,0.34915898298365033,-0.9215491250312751,-0.16975264845392668,0,0.7170766828977935,0.37939018337803365,-0.5846914738566651,0,0.14762716608733212,-0.4830591792268539,0.3359160851917304,1]}]],"teaching_reference":{"pose":[1,0,0,0,0,1,0,0,0,0,1,0,0,0,0,1]}},{"gripper_closed_width":-1,"gripper_open_width":-1,"pose":{"joint_angles":[],"pose":[0,0,0,0,0,0,0,0,0,0,0,0,0,0,0,0]},"relative_trajectories":[[{"joint_angles":[-2.8599140933253957,1.7195683123772603,1.8064403619922524,-2.0301920554097546,-0.04250317716267374,1.7701796925200357,-0.48008950720522486],"pose":[-0.021721429083149307,-0.0499026050122634,0.9985082155059035,0,0.5014460109591349,-0.8645746451130891,-0.03230058856979795,0,0.8649134218401399,0.5000059732957971,0.04380410242549328,0,0.12461552702239809,-0.4662415817042281,0.4403204393022475,1]},{"joint_angles":[0.5399230006820875,1.715949446705393,1.586665275467598,-2.1764412652415284,-0.05691132514344321,2.9283407002070265,-0.81394608422865],"pose":[0.10277812184296986,-0.01883956883341492,0.994516201586385,0,0.21544305914990053,0.9764992818296951,-0.0037666631692319097,0,-0.9710920908390128,0.21465287614308895,0.10442362698840761,0,-0.2733409662633679,0.59746637527258,0.3352332503970767,1]},{"joint_angles":[0.48513494844304766,1.6739025897058033,1.4219923457094998,-2.182350190178781,-0.10336070507722979,2.899916762594001,-0.8647723546437296],"pose":[-0.04284175646112687,0.00972168885670438,0.9990249344086999,0,0.21802881735490776,0.9759324567102106,-0.00014711764402186578,0,-0.9750010605759414,0.21781411577560603,-0.0439311147671004,0,-0.2531032247368459,0.5925179902206608,0.2344730551651022,1]}]],"teaching_reference":{"pose":[1,0,0,0,0,1,0,0,0,0,1,0,0,0,0,1]}},{"gripper_closed_width":-1,"gripper_open_width":-1,"pose":{"joint_angles":[],"pose":[0,0,0,0,0,0,0,0,0,0,0,0,0,0,0,0]},"relative_trajectories":[[{"joint_angles":[0.23976360829252946,1.6960704842784946,1.483709948775209,-2.350439679254415,-0.10189187336630291,2.905046520359254,-0.7860291978047191],"pose":[0.04750054723086147,0.02679636894427284,0.998502077877347,0,0.30481058500867575,0.9515609760409731,-0.040037020915992594,0,-0.9512267726508296,0.30626167937954485,0.03703256318306425,0,-0.1746099356080263,0.5720107281318644,0.28843948340337144,1]},{"joint_angles":[0.1524058274176875,1.0968818841111443,2.0368094488464483,-2.1337448257653664,0.11529779912375807,2.925263228032324,-0.26642466131514975],"pose":[-0.023245546015953078,-0.008673197278845579,0.999682533177704,0,0.4991322684540521,0.8663036784542366,0.01912229551541117,0,-0.866211184469233,0.4994279342545722,-0.015808933759721106,0,-0.13875567258583843,0.5797559910490376,0.6377185372530344,1]},{"joint_angles":[-0.0015488882814288893,-1.0060784215677754,0.005523080786452165,-2.5759819474352335,0.02086016494201289,1.6320901041043685,0.8245270043247275],"pose":[0.9973500767703736,-0.0386972286983967,0.061449945145636134,0,-0.03761874758451356,-0.9991091914417616,-0.018611832472128914,0,0.06211662728382902,0.016251155454500663,-0.9979365834366809,0,0.26203988168373465,0.005183272861095005,0.4501470335481732,1]}]],"teaching_reference":{"pose":[1,0,0,0,0,1,0,0,0,0,1,0,0,0,0,1]}}],"safety":{"force_thresholds":{"x":10,"x_rot":5,"y":10,"y_rot":5,"z":10,"z_rot":5},"torque_thresholds":{"j0":10,"j1":10,"j2":10,"j3":8,"j4":8,"j5":4,"j6":4}},"speed":1},"valid":true}