{"id":"0_llm_task_coffee_-_2","containers":[{"elements":[{"id":"gripper_move_skill","parameter":{"cartesian_impedance":{"access":["parent","parameter","cartesian_impedance"]},"joint_impedance":{"access":["parent","parameter","joint_impedance"]},"safety":{"access":["parent","parameter","safety"]},"speed":0.1,"width":0.079},"name":"Gripper Move","link":"gripper_move_skill","componentProviders":{"gripper-width":{"linkConfig":null,"componentLookupTable":[]},"speed":{"linkConfig":null,"componentLookupTable":[]}},"enabled":true,"isTracePoint":false},{"id":"joint_motion","parameter":{"acceleration":1,"cartesian_impedance":{"access":["parent","parameter","cartesian_impedance"]},"joint_impedance":{"access":["parent","parameter","joint_impedance"]},"motion":{"access":["parameter","poses",1,"relative_trajectories",1]},"safety":{"access":["parent","parameter","safety"]},"speed":{"access":["parent","parameter","speed"]},"velocity":1},"name":"Joint Motion","link":"joint_motion","componentProviders":{"acceleration":{"linkConfig":null,"componentLookupTable":[]},"motion":{"linkConfig":{"components":["robot-pose-carousel"],"sourceDistance":2,"parameters":{"points":["motion"]}},"componentLookupTable":[{"name":"robot-pose-carousel","sourcePath":{"id":"0_llm_task_coffee_-_2","indices":[]},"dependencies":[]}]},"velocity":{"linkConfig":null,"componentLookupTable":[]}},"enabled":true,"isTracePoint":false},{"id":"gripper_grasp","parameter":{"cartesian_impedance":{"access":["parent","parameter","cartesian_impedance"]},"force":20,"joint_impedance":{"access":["parent","parameter","joint_impedance"]},"object_config":{"F_x_Cload":[0,0,0],"I_load":[0.01,0,0,0,0.01,0,0,0,0.01],"m_load":0.1},"safety":{"access":["parent","parameter","safety"]},"speed":0.1,"width":0.062},"name":"Gripper Grasp","link":"gripper_grasp","componentProviders":{"Force":{"linkConfig":null,"componentLookupTable":[]},"Load":{"linkConfig":null,"componentLookupTable":[]},"gripper-width":{"linkConfig":null,"componentLookupTable":[]},"speed":{"linkConfig":null,"componentLookupTable":[]}},"enabled":true,"isTracePoint":false},{"id":"joint_motion2","parameter":{"acceleration":1,"cartesian_impedance":{"access":["parent","parameter","cartesian_impedance"]},"joint_impedance":{"access":["parent","parameter","joint_impedance"]},"motion":{"access":["parameter","poses",2,"relative_trajectories",1]},"safety":{"access":["parent","parameter","safety"]},"speed":{"access":["parent","parameter","speed"]},"velocity":1},"name":"Joint Motion","link":"joint_motion","componentProviders":{"acceleration":{"linkConfig":null,"componentLookupTable":[]},"motion":{"linkConfig":{"components":["robot-pose-carousel"],"sourceDistance":2,"parameters":{"points":["motion"]}},"componentLookupTable":[{"name":"robot-pose-carousel","sourcePath":{"id":"0_llm_task_coffee_-_2","indices":[]},"dependencies":[]}]},"velocity":{"linkConfig":null,"componentLookupTable":[]}},"enabled":true,"isTracePoint":false},{"id":"gripper_move_skill2","parameter":{"cartesian_impedance":{"access":["parent","parameter","cartesian_impedance"]},"joint_impedance":{"access":["parent","parameter","joint_impedance"]},"safety":{"access":["parent","parameter","safety"]},"speed":0.1,"width":0.079},"name":"Gripper Move","link":"gripper_move_skill","componentProviders":{"gripper-width":{"linkConfig":null,"componentLookupTable":[]},"speed":{"linkConfig":null,"componentLookupTable":[]}},"enabled":true,"isTracePoint":false},{"id":"joint_motion3","parameter":{"acceleration":0.3,"cartesian_impedance":{"access":["parent","parameter","cartesian_impedance"]},"joint_impedance":{"access":["parent","parameter","joint_impedance"]},"motion":{"access":["parameter","poses",3,"relative_trajectories",1]},"safety":{"access":["parent","parameter","safety"]},"speed":{"access":["parent","parameter","speed"]},"velocity":0.3},"name":"Joint Motion","link":"joint_motion","componentProviders":{"acceleration":{"linkConfig":null,"componentLookupTable":[]},"motion":{"linkConfig":{"components":["robot-pose-carousel"],"sourceDistance":2,"parameters":{"points":["motion"]}},"componentLookupTable":[{"name":"robot-pose-carousel","sourcePath":{"id":"0_llm_task_coffee_-_2","indices":[]},"dependencies":[]}]},"velocity":{"linkConfig":null,"componentLookupTable":[]}},"enabled":true,"isTracePoint":false},{"id":"wait","parameter":{"cartesian_impedance":{"access":["parent","parameter","cartesian_impedance"]},"duration":1,"joint_impedance":{"access":["parent","parameter","joint_impedance"]},"safety":{"access":["parent","parameter","safety"]}},"name":"Wait","link":"wait","componentProviders":{"duration":{"linkConfig":null,"componentLookupTable":[]}},"enabled":true,"isTracePoint":false},{"id":"joint_motion5","parameter":{"acceleration":1,"cartesian_impedance":{"access":["parent","parameter","cartesian_impedance"]},"joint_impedance":{"access":["parent","parameter","joint_impedance"]},"motion":{"access":["parameter","poses",6,"relative_trajectories",1]},"safety":{"access":["parent","parameter","safety"]},"speed":{"access":["parent","parameter","speed"]},"velocity":1},"name":"Joint Motion","link":"joint_motion","componentProviders":{"acceleration":{"linkConfig":null,"componentLookupTable":[]},"motion":{"linkConfig":{"components":["robot-pose-carousel"],"sourceDistance":2,"parameters":{"points":["motion"]}},"componentLookupTable":[{"name":"robot-pose-carousel","sourcePath":{"id":"0_llm_task_coffee_-_2","indices":[]},"dependencies":[]}]},"velocity":{"linkConfig":null,"componentLookupTable":[]}},"enabled":true,"isTracePoint":false},{"id":"wait2","parameter":{"cartesian_impedance":{"access":["parent","parameter","cartesian_impedance"]},"duration":60,"joint_impedance":{"access":["parent","parameter","joint_impedance"]},"safety":{"access":["parent","parameter","safety"]}},"name":"Wait","link":"wait","componentProviders":{"duration":{"linkConfig":null,"componentLookupTable":[]}},"enabled":true,"isTracePoint":false},{"id":"joint_motion7","parameter":{"acceleration":1,"cartesian_impedance":{"access":["parent","parameter","cartesian_impedance"]},"joint_impedance":{"access":["parent","parameter","joint_impedance"]},"motion":{"access":["parameter","poses",7,"relative_trajectories",1]},"safety":{"access":["parent","parameter","safety"]},"speed":{"access":["parent","parameter","speed"]},"velocity":1},"name":"Joint Motion","link":"joint_motion","componentProviders":{"acceleration":{"linkConfig":null,"componentLookupTable":[]},"motion":{"linkConfig":{"components":["robot-pose-carousel"],"sourceDistance":2,"parameters":{"points":["motion"]}},"componentLookupTable":[{"name":"robot-pose-carousel","sourcePath":{"id":"0_llm_task_coffee_-_2","indices":[]},"dependencies":[]}]},"velocity":{"linkConfig":null,"componentLookupTable":[]}},"enabled":true,"isTracePoint":false},{"id":"gripper_grasp3","parameter":{"cartesian_impedance":{"access":["parent","parameter","cartesian_impedance"]},"force":20,"joint_impedance":{"access":["parent","parameter","joint_impedance"]},"object_config":{"F_x_Cload":[0,0,0],"I_load":[0.01,0,0,0,0.01,0,0,0,0.01],"m_load":0.1},"safety":{"access":["parent","parameter","safety"]},"speed":0.03,"width":0.062},"name":"Gripper Grasp","link":"gripper_grasp","componentProviders":{"Force":{"linkConfig":null,"componentLookupTable":[]},"Load":{"linkConfig":null,"componentLookupTable":[]},"gripper-width":{"linkConfig":null,"componentLookupTable":[]},"speed":{"linkConfig":null,"componentLookupTable":[]}},"enabled":true,"isTracePoint":false},{"id":"joint_motion4","parameter":{"acceleration":0.1,"cartesian_impedance":{"access":["parent","parameter","cartesian_impedance"]},"joint_impedance":{"access":["parent","parameter","joint_impedance"]},"motion":{"access":["parameter","poses",4,"relative_trajectories",1]},"safety":{"access":["parent","parameter","safety"]},"speed":{"access":["parent","parameter","speed"]},"velocity":0.1},"name":"Joint Motion","link":"joint_motion","componentProviders":{"acceleration":{"linkConfig":null,"componentLookupTable":[]},"motion":{"linkConfig":{"components":["robot-pose-carousel"],"sourceDistance":2,"parameters":{"points":["motion"]}},"componentLookupTable":[{"name":"robot-pose-carousel","sourcePath":{"id":"0_llm_task_coffee_-_2","indices":[]},"dependencies":[]}]},"velocity":{"linkConfig":null,"componentLookupTable":[]}},"enabled":true,"isTracePoint":false},{"id":"gripper_move_skill3","parameter":{"cartesian_impedance":{"access":["parent","parameter","cartesian_impedance"]},"joint_impedance":{"access":["parent","parameter","joint_impedance"]},"safety":{"access":["parent","parameter","safety"]},"speed":0.1,"width":0.079},"name":"Gripper Move","link":"gripper_move_skill","componentProviders":{"gripper-width":{"linkConfig":null,"componentLookupTable":[]},"speed":{"linkConfig":null,"componentLookupTable":[]}},"enabled":true,"isTracePoint":false},{"id":"joint_motion6","parameter":{"acceleration":1,"cartesian_impedance":{"access":["parent","parameter","cartesian_impedance"]},"joint_impedance":{"access":["parent","parameter","joint_impedance"]},"motion":{"access":["parameter","poses",5,"relative_trajectories",1]},"safety":{"access":["parent","parameter","safety"]},"speed":{"access":["parent","parameter","speed"]},"velocity":1},"name":"Joint Motion","link":"joint_motion","componentProviders":{"acceleration":{"linkConfig":null,"componentLookupTable":[]},"motion":{"linkConfig":{"components":["robot-pose-carousel"],"sourceDistance":2,"parameters":{"points":["motion"]}},"componentLookupTable":[{"name":"robot-pose-carousel","sourcePath":{"id":"0_llm_task_coffee_-_2","indices":[]},"dependencies":[]}]},"velocity":{"linkConfig":null,"componentLookupTable":[]}},"enabled":true,"isTracePoint":false}],"relativePath":["timeline_body"],"isTracePoint":false}],"name":"LLM_task_coffee - 2","contextMenu":"<step id=\"speed\" name=\"Robot speed\" label=\"Set the speed of the robot's motions.\"\n  configured=\"parameter('speed')()\" class=\"flex-column\">\n  <h2 data-bind=\"html: step.label\"><br></h2>\n  <linear-slider params=\"\n    value: parameter('speed').multiply(100).round(),\n    min: 1, max: 100, increment: 1,\n    unit: '%',\n    step: step\n    \"/>\n</step>\n<step id=\"cart-comp\" name=\"Cartesian Compliance\" class=\"flex-column\"\n  label=\"Set the compliance along and around each cartesian axis. Greater compliance is given by lower values.\">\n  <h2 data-bind=\"html: step.label\"></h2>\n  <toggle-slider params=\"\n    parameters: [\n      { value: parameter('cartesian_impedance.K_x').add(-10).multiply(10/299).round(),\n        label: 'K-x',\n        min: 0, max: 100, increment: 1,\n        unit: '%'\n      },\n      { value: parameter('cartesian_impedance.K_y').add(-10).multiply(10/299).round(),\n        label: 'K-y',\n        min: 0, max: 100, increment: 1,\n        unit: '%'\n      },\n      { value: parameter('cartesian_impedance.K_z').add(-10).multiply(10/299).round(),\n        label: 'K-z',\n        min: 0, max: 100, increment: 1,\n        unit: '%'\n      },\n      { value: parameter('cartesian_impedance.K_x_rot').add(-1).multiply(100/299).round(),\n        label: 'K-x_rot',\n        min: 0, max: 100, increment: 1,\n        unit: '%'\n      },\n      { value: parameter('cartesian_impedance.K_y_rot').add(-1).multiply(100/299).round(),\n        label: 'K-y_rot',\n        min: 0, max: 100, increment: 1,\n        unit: '%'\n      },\n      { value: parameter('cartesian_impedance.K_z_rot').add(-1).multiply(100/299).round(),\n        label: 'K-z_rot',\n        min: 0, max: 100, increment: 1,\n        unit: '%'\n      },\n    ],\n    step: step\n  \"/>\n</step>\n<step id=\"joint-comp\" name=\"Joint Compliance\" class=\"flex-column\"\n  label=\"Set the compliance for each joint. Greater compliance is given by lower values.\">\n  <h2 data-bind=\"html: step.label\"></h2>\n  <toggle-slider params=\"\n    parameters: [\n      { value: parameter('joint_impedance.K_j0').add(-1).multiply(1/60).round(),\n        label: 'Joint 1',\n        min: 0, max: 100, increment: 1,\n        unit: '%'\n      },\n      { value: parameter('joint_impedance.K_j1').add(-1).multiply(1/60).round(),\n        label: 'Joint 2',\n        min: 0, max: 100, increment: 1,\n        unit: '%'\n      },\n      { value: parameter('joint_impedance.K_j2').add(-1).multiply(1/60).round(),\n        label: 'Joint 3',\n        min: 0, max: 100, increment: 1,\n        unit: '%'\n      },\n      { value: parameter('joint_impedance.K_j3').add(-1).multiply(1/60).round(),\n        label: 'Joint 4',\n        min: 0, max: 100, increment: 1,\n        unit: '%'\n      },\n      { value: parameter('joint_impedance.K_j4').add(-1).multiply(1/60).round(),\n        label: 'Joint 5',\n        min: 0, max: 100, increment: 1,\n        unit: '%'\n      },\n      { value: parameter('joint_impedance.K_j5').add(-1).multiply(1/60).round(),\n        label: 'Joint 6',\n        min: 0, max: 100, increment: 1,\n        unit: '%'\n      },\n      { value: parameter('joint_impedance.K_j6').add(-1).multiply(1/60).round(),\n        label: 'Joint 7',\n        min: 0, max: 100, increment: 1,\n        unit: '%'\n      },\n    ],\n    step: step\n  \"/>\n</step>\n<step id=\"all-force\" name=\"Force Thresholds\" class=\"flex-column\"\n  label=\"Set the force thresholds along and around each cartesian axis. Higher values will be interpreted as collisions.\">\n  <h2 data-bind=\"html: step.label\"></h2>\n  <toggle-slider params=\"\n    parameters: [\n      {value: parameter('safety.force_thresholds.x'), label: 'x', min: 3, max: 100, increment: 1, unit: 'N'},\n      {value: parameter('safety.force_thresholds.y'), label: 'y', min: 3, max: 100, increment: 1, unit: 'N'},\n      {value: parameter('safety.force_thresholds.z'), label: 'z', min: 3, max: 100, increment: 1, unit: 'N'},\n      {value: parameter('safety.force_thresholds.x_rot'), label: 'x-rot', min: 1, max: 30, increment: 1, unit: 'Nm'},\n      {value: parameter('safety.force_thresholds.y_rot'), label: 'y-rot', min: 1, max: 30, increment: 1, unit: 'Nm'},\n      {value: parameter('safety.force_thresholds.z_rot'), label: 'z-rot', min: 1, max: 30, increment: 1, unit: 'Nm'},\n    ],\n    step: step\n  \"/>\n</step>\n<step id=\"all-torque\" name=\"Torque Thresholds\" class=\"flex-column\"\n  label=\"Set the torque thresholds for each joint. Higher values will be interpreted as collisions.\">\n  <h2 data-bind=\"html: step.label\"></h2>\n  <toggle-slider params=\"\n    parameters: [\n      {value: parameter('safety.torque_thresholds.j0'), label: 'Joint 1', min: 3, max: 100, increment: 1, unit: 'Nm'},\n      {value: parameter('safety.torque_thresholds.j1'), label: 'Joint 2', min: 3, max: 100, increment: 1, unit: 'Nm'},\n      {value: parameter('safety.torque_thresholds.j2'), label: 'Joint 3', min: 3, max: 100, increment: 1, unit: 'Nm'},\n      {value: parameter('safety.torque_thresholds.j3'), label: 'Joint 4', min: 2, max: 80, increment: 1, unit: 'Nm'},\n      {value: parameter('safety.torque_thresholds.j4'), label: 'Joint 5', min: 2, max: 80, increment: 1, unit: 'Nm'},\n      {value: parameter('safety.torque_thresholds.j5'), label: 'Joint 6', min: 1, max: 40, increment: 1, unit: 'Nm'},\n      {value: parameter('safety.torque_thresholds.j6'), label: 'Joint 7', min: 1, max: 40, increment: 1, unit: 'Nm'},\n    ],\n    step: step\n  \"/>\n</step>","components":"<component name=\"grid-widget\">\n  <template src=\"base/grid_widget.html\"></template>\n  <viewmodel src=\"base/grid_widget.js\"></viewmodel>\n</component>\n<component name=\"alternative-selector\">\n  <template src=\"base/alternative_selector.html\"></template>\n  <viewmodel src=\"base/alternative_selector.js\"></viewmodel>\n</component>\n<component name=\"reset-strategy-picker\">\n  <template src=\"base/reset_strategy_picker.html\"></template>\n  <viewmodel src=\"base/reset_strategy_picker.js\"></viewmodel>\n</component>\n<component name=\"trajectory-teaching-base\">\n  <template src=\"base/trajectory_teaching_base.html\"></template>\n  <viewmodel src=\"base/trajectory_teaching_base.js\"></viewmodel>\n</component>\n<component name=\"trajectory-teaching\" linkable>\n  <template src=\"base/trajectory_teaching.html\"></template>\n  <viewmodel src=\"base/trajectory_teaching.js\"></viewmodel>\n</component>\n<component name=\"approach-retract-teaching\">\n  <template src=\"base/approach_retract_teaching.html\"></template>\n  <viewmodel src=\"base/approach_retract_teaching.js\"></viewmodel>\n</component>\n<component name=\"pose-teaching single-pose-teaching\" linkable>\n  <template src=\"base/pose_teaching.html\"></template>\n  <viewmodel src=\"base/pose_teaching.js\"></viewmodel>\n</component>\n<component name=\"two-pose-teaching\" linkable>\n  <template src=\"base/two_pose_teaching.html\"></template>\n  <viewmodel src=\"base/two_pose_teaching.js\"></viewmodel>\n</component>\n<component name=\"robot-pose single-robot-pose\" linkable>\n  <template src=\"base/robot_pose.html\"></template>\n  <viewmodel src=\"base/robot_pose.js\"></viewmodel>\n</component>\n<component name=\"robot-pose-carousel\" linkable>\n  <template src=\"base/robot_pose_carousel.html\"></template>\n  <viewmodel src=\"base/robot_pose_carousel.js\"></viewmodel>\n</component>\n<component name=\"haptic-gestures\">\n  <template src=\"base/haptic_gestures.html\"></template>\n  <viewmodel src=\"base/haptic_gestures.js\"></viewmodel>\n</component>\n<component name=\"points-list\">\n  <template src=\"base/points_list.html\"></template>\n  <viewmodel src=\"base/points_list.js\"></viewmodel>\n</component>","parameter":{"cartesian_impedance":{"K_x":2500,"K_x_rot":250,"K_y":2500,"K_y_rot":250,"K_z":2500,"K_z_rot":250},"current_teaching_reference":{"pose":[1,0,0,0,0,1,0,0,0,0,1,0,0,0,0,1]},"joint_impedance":{"K_j0":3500,"K_j1":3500,"K_j2":3500,"K_j3":3000,"K_j4":2500,"K_j5":2000,"K_j6":1000},"poses":[{"gripper_closed_width":-1,"gripper_open_width":-1,"pose":{"joint_angles":[],"pose":[0,0,0,0,0,0,0,0,0,0,0,0,0,0,0,0]},"relative_trajectories":[[{"joint_angles":[-0.0014214082147702117,-1.0058330118102643,0.005650871589194058,-2.5772341635112186,0.021330441665318278,1.632375843411479,0.824042577508423],"pose":[0.9974490456033384,-0.038050330013236044,0.060235543594141766,0,-0.036973129273179306,-0.9991279188291002,-0.018898053582007593,0,0.0609032630626981,0.01662306901457776,-0.9980052435357502,0,0.2619731028817957,0.005339891156602291,0.4495054667168975,1]},{"joint_angles":[-0.22952398776556013,-1.1690357116063437,-1.134891198562792,-2.6729377246053163,0.34288349848322985,2.4825828866979247,-0.8219357945885923],"pose":[0.26460932837240936,0.10342848412601996,0.958783186602114,0,0.03784106505058896,-0.9945701386815236,0.096845443568918,0,0.9636122568092002,0.01065537430389637,-0.2670915227511424,0,0.18067849208904396,-0.3866016168028195,0.41447779263321416,1]},{"joint_angles":[0.44431760658162117,-1.6977586374784768,-1.9631987859324402,-2.401921734240647,0.25641897898451066,2.922629161385043,-1.3636894077426855],"pose":[0.02613044890882048,-0.07644643247232352,0.9967215707023132,0,-0.06508337010324641,-0.9950767052683298,-0.07461402327670957,0,0.9975375982261709,-0.06292151238688824,-0.030977788883470303,0,0.3024155850983675,-0.4476277071860364,0.10930864276477126,1]},{"joint_angles":[0.5831438696818191,-1.711840873517488,-1.9459129040534033,-2.3313247646275257,0.25661952181739894,2.9226622341443145,-1.3630706749724015],"pose":[0.03766352897342644,-0.06163757065284825,0.9973780704279052,0,0.005811940596038789,-0.998055855436925,-0.061898931136039836,0,0.9992735621287975,0.008128190776245027,-0.03723278857578475,0,0.34896372450368907,-0.44193940573956964,0.10559044881007794,1]}]],"teaching_reference":{"pose":[1,0,0,0,0,1,0,0,0,0,1,0,0,0,0,1]}},{"gripper_closed_width":-1,"gripper_open_width":-1,"pose":{"joint_angles":[],"pose":[0,0,0,0,0,0,0,0,0,0,0,0,0,0,0,0]},"relative_trajectories":[[{"joint_angles":[0.5538308561117937,-1.7079257005557678,-1.9032952201780775,-2.3884210102277788,0.25668109716309434,2.922369083036556,-1.357755155003659],"pose":[-0.0016032682895146047,-0.03346377641302317,0.9994290130370336,0,0.025675802217987338,-0.9991021780108398,-0.03341164431252902,0,0.9996690302139882,0.025608066874471726,0.0024610855281602994,0,0.35143569363439425,-0.43135229631915356,0.13973634200597046,1]},{"joint_angles":[2.382522007303802,1.1823816075228377,-1.197263551578187,-1.9524886468505762,2.8646134154034026,1.6521944485075541,-1.2441485574212339],"pose":[-0.01758141665235141,0.053620302242786466,0.9983969670812793,0,0.8763158170822078,0.48160406504556297,-0.010433607446126703,0,-0.4814007595166305,0.8747444579219978,-0.05545666841383031,0,0.054831337460673105,0.7407537778738216,0.21750842299865775,1]},{"joint_angles":[2.3199839985370634,1.2614644038049798,-1.1300286376520294,-1.6605828648431489,2.8819685875642813,1.9771954262372544,-1.1814484670129086],"pose":[-0.025427080331287988,0.13845817319433815,0.99003209279433,0,0.9175052356182547,0.39642000450265114,-0.0318758457835584,0,-0.39688963941495053,0.9075665923467919,-0.1371185420761995,0,0.026923716476148017,0.80800487236508,0.18672525097280168,1]}]],"teaching_reference":{"pose":[1,0,0,0,0,1,0,0,0,0,1,0,0,0,0,1]}},{"gripper_closed_width":-1,"gripper_open_width":-1,"pose":{"joint_angles":[],"pose":[0,0,0,0,0,0,0,0,0,0,0,0,0,0,0,0]},"relative_trajectories":[[{"joint_angles":[2.4489043851775527,1.249614460564169,-1.239609897396498,-1.957134870730712,2.873088550772829,1.799110644216105,-1.1820192979082151],"pose":[-0.06510158867075366,0.14402600427974865,0.9874203968649635,0,0.9184362606868137,0.3955343221331261,0.0028604145713139184,0,-0.3901541949303747,0.9070863787790596,-0.15803166015619685,0,0.060119333841183224,0.7404384955670356,0.19982847477590218,1]},{"joint_angles":[2.4661358624383434,1.554322938938452,-1.501209068805231,-1.748626573224955,2.888799101054866,2.264319084121524,-0.7451908984478198],"pose":[-0.0699868228361204,0.23260737653457342,0.9700393805986522,0,0.9973274322851624,0.03630800921242355,0.063249254380771,0,-0.020508350487208376,0.9718922109655596,-0.2345313152326781,0,0.12207245256313161,0.7845246356316911,0.2650459712551097,1]},{"joint_angles":[2.2862381610616582,1.5748082733154296,-1.5026595818324344,-1.4735167314574713,2.888377906816883,2.3619263508397537,-0.7456148677104797],"pose":[-0.09515336859000906,0.22002718987507586,0.9708319211186145,0,0.9953413803276574,0.0356309261694739,0.08948028055916873,0,-0.014903832768643297,0.9748423032851086,-0.22239685135943113,0,0.1424290749379176,0.8364185521656886,0.26463514844498265,1]}]],"teaching_reference":{"pose":[1,0,0,0,0,1,0,0,0,0,1,0,0,0,0,1]}},{"gripper_closed_width":-1,"gripper_open_width":-1,"pose":{"joint_angles":[],"pose":[0,0,0,0,0,0,0,0,0,0,0,0,0,0,0,0]},"relative_trajectories":[[{"joint_angles":[2.2765860642849107,1.2737132471486141,-1.129519354042343,-1.6486437528714113,2.8897977068093086,1.8429559878640704,-1.1980532545215583],"pose":[-0.015049372467532518,0.08334258445673731,0.9963976499900096,0,0.8791451587004753,0.4757954194743402,-0.026518967588514963,0,-0.476300767401924,0.8755959342435773,-0.08043220069384736,0,0.02910694045880871,0.8093101696278159,0.1939560406787971,1]},{"joint_angles":[2.32068552939443,0.9387431477366679,-1.137658761091017,-2.131410459715488,2.619849376890394,1.5510351235307427,-1.3689556068546243],"pose":[0.015889496223360444,0.09829880957400572,0.9950204092616943,0,0.8511383547447021,0.5208769425003931,-0.06504966375879301,0,-0.5246875948744987,0.847949966127493,-0.0753908663512843,0,0.07504439646063756,0.6804706955458824,0.2185366075097329,1]},{"joint_angles":[1.9964397071923783,0.01437382939457863,-1.6322281139445,-2.011320251507851,2.4625205042097305,2.6205225700531996,-1.7816404580772787],"pose":[-0.009629307699814293,0.04843879532401063,0.9987700968901647,0,0.630498207309753,-0.7749492483134096,0.043662569998540846,0,0.7761260409457653,0.6301553283681091,-0.02307879319056845,0,0.6273291889344734,0.26056259986871577,0.48372000924821085,1]},{"joint_angles":[0.6080687746311992,-1.5450351929246333,-1.5154181937247622,-2.2926950354827076,2.0439705373906354,3.1282079935143865,-2.730375788608435],"pose":[-0.0460816704505366,-0.03301651602148742,0.9983822595676966,0,-0.24064901406673903,-0.9696416061586735,-0.04317353976619409,0,0.9695170838031363,-0.24225387939625082,0.036738020242376455,0,0.35667467469423475,-0.4361158301468401,0.2870659892850214,1]},{"joint_angles":[0.6314544128727887,-1.7015630337440242,-1.8749314495134222,-2.2299138894332082,1.7362632165435288,2.9811089568824203,-2.7888444084466113],"pose":[0.004845817668655716,-0.02195895959059646,0.9997375000699078,0,-0.3032295067622897,-0.9527088060669688,-0.01945620652535629,0,0.9529043044855682,-0.303061462680898,-0.011275474739021948,0,0.35407152149466503,-0.4385025147782365,0.10280185316085222,1]}]],"teaching_reference":{"pose":[1,0,0,0,0,1,0,0,0,0,1,0,0,0,0,1]}},{"gripper_closed_width":-1,"gripper_open_width":-1,"pose":{"joint_angles":[],"pose":[0,0,0,0,0,0,0,0,0,0,0,0,0,0,0,0]},"relative_trajectories":[[{"joint_angles":[0.31374625769990877,-1.6951124500997947,-1.787095306897686,-2.47715108205561,1.5537741647263366,3.243263994409715,-2.6018849430845843],"pose":[0.13026434907942663,-0.026958075713433394,0.991103026134998,0,-0.3029558546016575,-0.9528931163888017,0.013899849014476884,0,0.9440587141097004,-0.3020769349822622,-0.13229765555466527,0,0.2586038089928415,-0.41443451735222636,0.1304369481305802,1]},{"joint_angles":[0.30898580838342754,-1.3641490186755325,-0.9679106800226018,-2.5498310802191573,1.506867078632505,3.1091592972578845,-1.5405375840630797],"pose":[-0.18041499373485823,-0.10236127467464579,0.9782399227100893,0,-0.13004129016798907,-0.9833472108381847,-0.12687896866469273,0,0.9749557634090802,-0.1501053399727193,0.1641025481432019,0,0.29923562391798414,-0.3749452508142319,0.5119392299975045,1]},{"joint_angles":[-0.6394566629427685,-0.3236863461200722,-0.3558136182676853,-2.0470142015155988,-0.09104053586059146,1.8108636820316315,-2.4024272139978327],"pose":[-0.6060307347648921,0.792308011109905,-0.07039539013742449,0,0.7933730699386274,0.6084514477490723,0.018076352768856413,0,0.05715531657134671,-0.04489584581663119,-0.9973553192398578,0,0.24084249266545885,-0.4149117166202368,0.46910214534436906,1]},{"joint_angles":[0.04847778895711296,-0.8055301319267026,0.030884195669934337,-2.253047968419001,-0.006544103735099519,1.5716805460862677,-2.2613053231295357],"pose":[-0.9917915756353325,0.022770409881642695,-0.12574468511159828,0,0.02509390819212942,0.9995321921447416,-0.01692452478447965,0,0.12530289486276516,-0.019941410620665716,-0.9919181038177842,0,0.3126262339817163,0.02517914828189989,0.5425206246567715,1]}]],"teaching_reference":{"pose":[1,0,0,0,0,1,0,0,0,0,1,0,0,0,0,1]}},{"gripper_closed_width":-1,"gripper_open_width":-1,"pose":{"joint_angles":[],"pose":[0,0,0,0,0,0,0,0,0,0,0,0,0,0,0,0]},"relative_trajectories":[[{"joint_angles":[2.742536025779035,1.5941635311990063,-1.6167748965804647,-2.242349337763757,2.8881528983579736,1.8551050100360027,-0.6355393340554503],"pose":[-0.012123777836977323,0.21835551233497802,0.9757841109308437,0,0.9815049579968895,0.1890047110844139,-0.030099560073690523,0,-0.1910038762446928,0.9573904551669014,-0.21661263955461024,0,0.08276133131696642,0.6758480116193629,0.3142787811753002,1]}]],"teaching_reference":{"pose":[1,0,0,0,0,1,0,0,0,0,1,0,0,0,0,1]}},{"gripper_closed_width":-1,"gripper_open_width":-1,"pose":{"joint_angles":[],"pose":[0,0,0,0,0,0,0,0,0,0,0,0,0,0,0,0]},"relative_trajectories":[[{"joint_angles":[2.2610904948793262,1.2731884693071804,-1.0998894265610084,-1.630544178783295,2.89105865062981,1.8426322106653177,-1.2068758354948625],"pose":[0.0007981838986225731,0.08673221539028436,0.9962216784517219,0,0.8741787338518674,0.48369357918540873,-0.04281132603836646,0,-0.4855884995468658,0.8709267448544896,-0.07543483416158778,0,0.023036217146198752,0.8111233146630097,0.18372753901626207,1]}]],"teaching_reference":{"pose":[1,0,0,0,0,1,0,0,0,0,1,0,0,0,0,1]}}],"safety":{"force_thresholds":{"x":10,"x_rot":5,"y":10,"y_rot":5,"z":10,"z_rot":5},"torque_thresholds":{"j0":10,"j1":10,"j2":10,"j3":8,"j4":8,"j5":4,"j6":4}},"speed":1},"valid":true}