{"id":"0_llm_task_stir","containers":[{"elements":[{"id":"gripper_move_skill","parameter":{"cartesian_impedance":{"access":["parent","parameter","cartesian_impedance"]},"joint_impedance":{"access":["parent","parameter","joint_impedance"]},"safety":{"access":["parent","parameter","safety"]},"speed":0.1,"width":0.068},"name":"Gripper Move","link":"gripper_move_skill","componentProviders":{"gripper-width":{"linkConfig":null,"componentLookupTable":[]},"speed":{"linkConfig":null,"componentLookupTable":[]}},"enabled":true,"isTracePoint":false},{"id":"joint_motion","parameter":{"acceleration":1,"cartesian_impedance":{"access":["parent","parameter","cartesian_impedance"]},"joint_impedance":{"access":["parent","parameter","joint_impedance"]},"motion":{"access":["parameter","poses",1,"relative_trajectories",1]},"safety":{"access":["parent","parameter","safety"]},"speed":{"access":["parent","parameter","speed"]},"velocity":1},"name":"Joint Motion","link":"joint_motion","componentProviders":{"acceleration":{"linkConfig":null,"componentLookupTable":[]},"motion":{"linkConfig":{"components":["robot-pose-carousel"],"sourceDistance":2,"parameters":{"points":["motion"]}},"componentLookupTable":[{"name":"robot-pose-carousel","sourcePath":{"id":"0_llm_task_stir","indices":[]},"dependencies":[]}]},"velocity":{"linkConfig":null,"componentLookupTable":[]}},"enabled":true,"isTracePoint":false},{"id":"joint_motion2","parameter":{"acceleration":1,"cartesian_impedance":{"access":["parent","parameter","cartesian_impedance"]},"joint_impedance":{"access":["parent","parameter","joint_impedance"]},"motion":{"access":["parameter","poses",2,"relative_trajectories",1]},"safety":{"access":["parent","parameter","safety"]},"speed":{"access":["parent","parameter","speed"]},"velocity":1},"name":"Joint Motion","link":"joint_motion","componentProviders":{"acceleration":{"linkConfig":null,"componentLookupTable":[]},"motion":{"linkConfig":{"components":["robot-pose-carousel"],"sourceDistance":2,"parameters":{"points":["motion"]}},"componentLookupTable":[{"name":"robot-pose-carousel","sourcePath":{"id":"0_llm_task_stir","indices":[]},"dependencies":[]}]},"velocity":{"linkConfig":null,"componentLookupTable":[]}},"enabled":true,"isTracePoint":false},{"id":"gripper_grasp","parameter":{"cartesian_impedance":{"access":["parent","parameter","cartesian_impedance"]},"force":30,"joint_impedance":{"access":["parent","parameter","joint_impedance"]},"object_config":{"F_x_Cload":[0,0,0],"I_load":[0.01,0,0,0,0.01,0,0,0,0.01],"m_load":0.054},"safety":{"access":["parent","parameter","safety"]},"speed":0.1,"width":0.007},"name":"Gripper Grasp","link":"gripper_grasp","componentProviders":{"Force":{"linkConfig":null,"componentLookupTable":[]},"Load":{"linkConfig":null,"componentLookupTable":[]},"gripper-width":{"linkConfig":null,"componentLookupTable":[]},"speed":{"linkConfig":null,"componentLookupTable":[]}},"enabled":true,"isTracePoint":false},{"id":"joint_motion3","parameter":{"acceleration":1,"cartesian_impedance":{"access":["parent","parameter","cartesian_impedance"]},"joint_impedance":{"access":["parent","parameter","joint_impedance"]},"motion":{"access":["parameter","poses",3,"relative_trajectories",1]},"safety":{"access":["parent","parameter","safety"]},"speed":{"access":["parent","parameter","speed"]},"velocity":1},"name":"Joint Motion","link":"joint_motion","componentProviders":{"acceleration":{"linkConfig":null,"componentLookupTable":[]},"motion":{"linkConfig":{"components":["robot-pose-carousel"],"sourceDistance":2,"parameters":{"points":["motion"]}},"componentLookupTable":[{"name":"robot-pose-carousel","sourcePath":{"id":"0_llm_task_stir","indices":[]},"dependencies":[]}]},"velocity":{"linkConfig":null,"componentLookupTable":[]}},"enabled":true,"isTracePoint":false},{"id":"spiral","parameter":{"apply_force":false,"cartesian_impedance":{"access":["parent","parameter","cartesian_impedance"]},"duration":15,"force":{"force_tolerance":0.1,"force_x":0,"force_y":0,"force_z":0,"torque_x":0,"torque_y":0,"torque_z":0},"joint_impedance":{"access":["parent","parameter","joint_impedance"]},"safety":{"access":["parent","parameter","safety"]},"speed":1,"timescaling":{"access":["parent","parameter","speed"]},"velocity_profile":{"clockwise":false,"length":10,"plane":"xy","slope":0.5}},"name":"Spiral","link":"spiral","componentProviders":{"all-forces":{"linkConfig":null,"componentLookupTable":[]},"clockwise":{"linkConfig":null,"componentLookupTable":[]},"duration":{"linkConfig":null,"componentLookupTable":[]},"force":{"linkConfig":null,"componentLookupTable":[]},"plane":{"linkConfig":null,"componentLookupTable":[{"name":"alternative-selector","sourcePath":{"id":"0_llm_task_stir","indices":[]},"dependencies":[]}]},"slope":{"linkConfig":null,"componentLookupTable":[]},"velocity":{"linkConfig":null,"componentLookupTable":[]}},"enabled":true,"isTracePoint":false},{"id":"joint_motion4","parameter":{"acceleration":1,"cartesian_impedance":{"access":["parent","parameter","cartesian_impedance"]},"joint_impedance":{"access":["parent","parameter","joint_impedance"]},"motion":{"access":["parameter","poses",4,"relative_trajectories",1]},"safety":{"access":["parent","parameter","safety"]},"speed":{"access":["parent","parameter","speed"]},"velocity":1},"name":"Joint Motion","link":"joint_motion","componentProviders":{"acceleration":{"linkConfig":null,"componentLookupTable":[]},"motion":{"linkConfig":{"components":["robot-pose-carousel"],"sourceDistance":2,"parameters":{"points":["motion"]}},"componentLookupTable":[{"name":"robot-pose-carousel","sourcePath":{"id":"0_llm_task_stir","indices":[]},"dependencies":[]}]},"velocity":{"linkConfig":null,"componentLookupTable":[]}},"enabled":true,"isTracePoint":false},{"id":"gripper_move_skill2","parameter":{"cartesian_impedance":{"access":["parent","parameter","cartesian_impedance"]},"joint_impedance":{"access":["parent","parameter","joint_impedance"]},"safety":{"access":["parent","parameter","safety"]},"speed":0.1,"width":0.064},"name":"Gripper Move","link":"gripper_move_skill","componentProviders":{"gripper-width":{"linkConfig":null,"componentLookupTable":[]},"speed":{"linkConfig":null,"componentLookupTable":[]}},"enabled":true,"isTracePoint":false},{"id":"joint_motion5","parameter":{"acceleration":1,"cartesian_impedance":{"access":["parent","parameter","cartesian_impedance"]},"joint_impedance":{"access":["parent","parameter","joint_impedance"]},"motion":{"access":["parameter","poses",5,"relative_trajectories",1]},"safety":{"access":["parent","parameter","safety"]},"speed":{"access":["parent","parameter","speed"]},"velocity":1},"name":"Joint Motion","link":"joint_motion","componentProviders":{"acceleration":{"linkConfig":null,"componentLookupTable":[]},"motion":{"linkConfig":{"components":["robot-pose-carousel"],"sourceDistance":2,"parameters":{"points":["motion"]}},"componentLookupTable":[{"name":"robot-pose-carousel","sourcePath":{"id":"0_llm_task_stir","indices":[]},"dependencies":[]}]},"velocity":{"linkConfig":null,"componentLookupTable":[]}},"enabled":true,"isTracePoint":false}],"relativePath":["timeline_body"],"isTracePoint":false}],"name":"LLM_task_stir","contextMenu":"<step id=\"speed\" name=\"Robot speed\" label=\"Set the speed of the robot's motions.\"\n  configured=\"parameter('speed')()\" class=\"flex-column\">\n  <h2 data-bind=\"html: step.label\"><br></h2>\n  <linear-slider params=\"\n    value: parameter('speed').multiply(100).round(),\n    min: 1, max: 100, increment: 1,\n    unit: '%',\n    step: step\n    \"/>\n</step>\n<step id=\"cart-comp\" name=\"Cartesian Compliance\" class=\"flex-column\"\n  label=\"Set the compliance along and around each cartesian axis. Greater compliance is given by lower values.\">\n  <h2 data-bind=\"html: step.label\"></h2>\n  <toggle-slider params=\"\n    parameters: [\n      { value: parameter('cartesian_impedance.K_x').add(-10).multiply(10/299).round(),\n        label: 'K-x',\n        min: 0, max: 100, increment: 1,\n        unit: '%'\n      },\n      { value: parameter('cartesian_impedance.K_y').add(-10).multiply(10/299).round(),\n        label: 'K-y',\n        min: 0, max: 100, increment: 1,\n        unit: '%'\n      },\n      { value: parameter('cartesian_impedance.K_z').add(-10).multiply(10/299).round(),\n        label: 'K-z',\n        min: 0, max: 100, increment: 1,\n        unit: '%'\n      },\n      { value: parameter('cartesian_impedance.K_x_rot').add(-1).multiply(100/299).round(),\n        label: 'K-x_rot',\n        min: 0, max: 100, increment: 1,\n        unit: '%'\n      },\n      { value: parameter('cartesian_impedance.K_y_rot').add(-1).multiply(100/299).round(),\n        label: 'K-y_rot',\n        min: 0, max: 100, increment: 1,\n        unit: '%'\n      },\n      { value: parameter('cartesian_impedance.K_z_rot').add(-1).multiply(100/299).round(),\n        label: 'K-z_rot',\n        min: 0, max: 100, increment: 1,\n        unit: '%'\n      },\n    ],\n    step: step\n  \"/>\n</step>\n<step id=\"joint-comp\" name=\"Joint Compliance\" class=\"flex-column\"\n  label=\"Set the compliance for each joint. Greater compliance is given by lower values.\">\n  <h2 data-bind=\"html: step.label\"></h2>\n  <toggle-slider params=\"\n    parameters: [\n      { value: parameter('joint_impedance.K_j0').add(-1).multiply(1/60).round(),\n        label: 'Joint 1',\n        min: 0, max: 100, increment: 1,\n        unit: '%'\n      },\n      { value: parameter('joint_impedance.K_j1').add(-1).multiply(1/60).round(),\n        label: 'Joint 2',\n        min: 0, max: 100, increment: 1,\n        unit: '%'\n      },\n      { value: parameter('joint_impedance.K_j2').add(-1).multiply(1/60).round(),\n        label: 'Joint 3',\n        min: 0, max: 100, increment: 1,\n        unit: '%'\n      },\n      { value: parameter('joint_impedance.K_j3').add(-1).multiply(1/60).round(),\n        label: 'Joint 4',\n        min: 0, max: 100, increment: 1,\n        unit: '%'\n      },\n      { value: parameter('joint_impedance.K_j4').add(-1).multiply(1/60).round(),\n        label: 'Joint 5',\n        min: 0, max: 100, increment: 1,\n        unit: '%'\n      },\n      { value: parameter('joint_impedance.K_j5').add(-1).multiply(1/60).round(),\n        label: 'Joint 6',\n        min: 0, max: 100, increment: 1,\n        unit: '%'\n      },\n      { value: parameter('joint_impedance.K_j6').add(-1).multiply(1/60).round(),\n        label: 'Joint 7',\n        min: 0, max: 100, increment: 1,\n        unit: '%'\n      },\n    ],\n    step: step\n  \"/>\n</step>\n<step id=\"all-force\" name=\"Force Thresholds\" class=\"flex-column\"\n  label=\"Set the force thresholds along and around each cartesian axis. Higher values will be interpreted as collisions.\">\n  <h2 data-bind=\"html: step.label\"></h2>\n  <toggle-slider params=\"\n    parameters: [\n      {value: parameter('safety.force_thresholds.x'), label: 'x', min: 3, max: 100, increment: 1, unit: 'N'},\n      {value: parameter('safety.force_thresholds.y'), label: 'y', min: 3, max: 100, increment: 1, unit: 'N'},\n      {value: parameter('safety.force_thresholds.z'), label: 'z', min: 3, max: 100, increment: 1, unit: 'N'},\n      {value: parameter('safety.force_thresholds.x_rot'), label: 'x-rot', min: 1, max: 30, increment: 1, unit: 'Nm'},\n      {value: parameter('safety.force_thresholds.y_rot'), label: 'y-rot', min: 1, max: 30, increment: 1, unit: 'Nm'},\n      {value: parameter('safety.force_thresholds.z_rot'), label: 'z-rot', min: 1, max: 30, increment: 1, unit: 'Nm'},\n    ],\n    step: step\n  \"/>\n</step>\n<step id=\"all-torque\" name=\"Torque Thresholds\" class=\"flex-column\"\n  label=\"Set the torque thresholds for each joint. Higher values will be interpreted as collisions.\">\n  <h2 data-bind=\"html: step.label\"></h2>\n  <toggle-slider params=\"\n    parameters: [\n      {value: parameter('safety.torque_thresholds.j0'), label: 'Joint 1', min: 3, max: 100, increment: 1, unit: 'Nm'},\n      {value: parameter('safety.torque_thresholds.j1'), label: 'Joint 2', min: 3, max: 100, increment: 1, unit: 'Nm'},\n      {value: parameter('safety.torque_thresholds.j2'), label: 'Joint 3', min: 3, max: 100, increment: 1, unit: 'Nm'},\n      {value: parameter('safety.torque_thresholds.j3'), label: 'Joint 4', min: 2, max: 80, increment: 1, unit: 'Nm'},\n      {value: parameter('safety.torque_thresholds.j4'), label: 'Joint 5', min: 2, max: 80, increment: 1, unit: 'Nm'},\n      {value: parameter('safety.torque_thresholds.j5'), label: 'Joint 6', min: 1, max: 40, increment: 1, unit: 'Nm'},\n      {value: parameter('safety.torque_thresholds.j6'), label: 'Joint 7', min: 1, max: 40, increment: 1, unit: 'Nm'},\n    ],\n    step: step\n  \"/>\n</step>","components":"<component name=\"grid-widget\">\n  <template src=\"base/grid_widget.html\"></template>\n  <viewmodel src=\"base/grid_widget.js\"></viewmodel>\n</component>\n<component name=\"alternative-selector\">\n  <template src=\"base/alternative_selector.html\"></template>\n  <viewmodel src=\"base/alternative_selector.js\"></viewmodel>\n</component>\n<component name=\"reset-strategy-picker\">\n  <template src=\"base/reset_strategy_picker.html\"></template>\n  <viewmodel src=\"base/reset_strategy_picker.js\"></viewmodel>\n</component>\n<component name=\"trajectory-teaching-base\">\n  <template src=\"base/trajectory_teaching_base.html\"></template>\n  <viewmodel src=\"base/trajectory_teaching_base.js\"></viewmodel>\n</component>\n<component name=\"trajectory-teaching\" linkable>\n  <template src=\"base/trajectory_teaching.html\"></template>\n  <viewmodel src=\"base/trajectory_teaching.js\"></viewmodel>\n</component>\n<component name=\"approach-retract-teaching\">\n  <template src=\"base/approach_retract_teaching.html\"></template>\n  <viewmodel src=\"base/approach_retract_teaching.js\"></viewmodel>\n</component>\n<component name=\"pose-teaching single-pose-teaching\" linkable>\n  <template src=\"base/pose_teaching.html\"></template>\n  <viewmodel src=\"base/pose_teaching.js\"></viewmodel>\n</component>\n<component name=\"two-pose-teaching\" linkable>\n  <template src=\"base/two_pose_teaching.html\"></template>\n  <viewmodel src=\"base/two_pose_teaching.js\"></viewmodel>\n</component>\n<component name=\"robot-pose single-robot-pose\" linkable>\n  <template src=\"base/robot_pose.html\"></template>\n  <viewmodel src=\"base/robot_pose.js\"></viewmodel>\n</component>\n<component name=\"robot-pose-carousel\" linkable>\n  <template src=\"base/robot_pose_carousel.html\"></template>\n  <viewmodel src=\"base/robot_pose_carousel.js\"></viewmodel>\n</component>\n<component name=\"haptic-gestures\">\n  <template src=\"base/haptic_gestures.html\"></template>\n  <viewmodel src=\"base/haptic_gestures.js\"></viewmodel>\n</component>\n<component name=\"points-list\">\n  <template src=\"base/points_list.html\"></template>\n  <viewmodel src=\"base/points_list.js\"></viewmodel>\n</component>","parameter":{"cartesian_impedance":{"K_x":2500,"K_x_rot":250,"K_y":2500,"K_y_rot":250,"K_z":2500,"K_z_rot":250},"current_teaching_reference":{"pose":[1,0,0,0,0,1,0,0,0,0,1,0,0,0,0,1]},"joint_impedance":{"K_j0":3500,"K_j1":3500,"K_j2":3500,"K_j3":3000,"K_j4":2500,"K_j5":2000,"K_j6":1000},"poses":[{"gripper_closed_width":-1,"gripper_open_width":-1,"pose":{"joint_angles":[],"pose":[0,0,0,0,0,0,0,0,0,0,0,0,0,0,0,0]},"relative_trajectories":[[{"joint_angles":[0.01239876358511678,-0.6477195138552625,0.07771163529927631,-2.2121597302085476,-0.027177671982182395,1.5847345888614655,0.8712695796984801],"pose":[0.9996262199856518,-0.009982069017925699,0.025070411175864053,0,-0.011766866810157095,-0.9973195562299844,0.07208321932258219,0,0.024284139223035225,-0.07235266925810085,-0.9970834327344048,0,0.34993498822093205,0.02874329653472345,0.5107822529008812,1]}]],"teaching_reference":{"pose":[1,0,0,0,0,1,0,0,0,0,1,0,0,0,0,1]}},{"gripper_closed_width":-1,"gripper_open_width":-1,"pose":{"joint_angles":[],"pose":[0,0,0,0,0,0,0,0,0,0,0,0,0,0,0,0]},"relative_trajectories":[[{"joint_angles":[-0.00203573169540846,0.768090137814977,-0.3441383477304699,-2.243551321569432,-1.758917385939517,1.8098301125839273,0.687596651477946],"pose":[0.009965376071172982,-0.025020212108577758,-0.9996276442591061,0,0.9993148238540334,-0.03511550223121428,0.010841182123729753,0,-0.03537435651458826,-0.9990699948926415,0.02465360432869149,0,0.3938530461804869,-0.3600012511242781,0.06831206249104693,1]}]],"teaching_reference":{"pose":[1,0,0,0,0,1,0,0,0,0,1,0,0,0,0,1]}},{"gripper_closed_width":-1,"gripper_open_width":-1,"pose":{"joint_angles":[],"pose":[0,0,0,0,0,0,0,0,0,0,0,0,0,0,0,0]},"relative_trajectories":[[{"joint_angles":[-0.0010340324121296041,-0.5066495018060395,-0.31542486880341414,-2.419302379416106,-1.7644454079734035,1.7300265018631098,-0.32024688126091605],"pose":[0.1071443171273399,0.019223516619547288,-0.9940479357743783,0,0.9923339532774582,-0.06384608104631859,0.10572487885529291,0,-0.06143484391672159,-0.9977745480545522,-0.025917391988043242,0,0.360276862197035,-0.338044852770208,0.552420250410227,1]},{"joint_angles":[0.003066019259679819,0.035834288576141037,-0.9057645484537328,-1.7303238837575579,-0.05157353301180745,1.7450117965539296,-1.5857451767093602],"pose":[0.09123935317749432,0.9946015708527491,-0.04923253589044961,0,0.9936042550741081,-0.09422075182295897,-0.0620788299321999,0,-0.06638370640507325,-0.04325445764215603,-0.9968561859255366,0,0.34712588441517217,-0.4503106422326444,0.4483077491374488,1]},{"joint_angles":[-0.005582864637895111,0.07883979775600962,-0.9045307480051684,-2.1108995314580365,0.027428006941842404,2.196276907617034,-1.5884384753670955],"pose":[0.11955050435632786,0.9913473059804461,-0.0540272406723471,0,0.9927804058887582,-0.11984501301722417,-0.0022328097684522104,0,-0.008688552591945405,-0.05337127995231785,-0.9985369374890987,0,0.344077574592325,-0.4400728842706595,0.2927863311992283,1]}]],"teaching_reference":{"pose":[1,0,0,0,0,1,0,0,0,0,1,0,0,0,0,1]}},{"gripper_closed_width":-1,"gripper_open_width":-1,"pose":{"joint_angles":[],"pose":[0,0,0,0,0,0,0,0,0,0,0,0,0,0,0,0]},"relative_trajectories":[[{"joint_angles":[-0.003555127310443405,-0.031171785445223393,-0.8819905957335471,-1.7813937112460034,-0.08736960464419348,1.793535521430707,-1.6081753486759134],"pose":[0.0440906272131697,0.9968942709291931,-0.06510434764061562,0,0.9986627329620325,-0.04571881547457479,-0.023733575491577997,0,-0.026636871934920342,-0.06397208917400544,-0.997596135147002,0,0.3420982522678788,-0.4484450128718188,0.45155048090912697,1]},{"joint_angles":[0.03112626542021769,0.23770931204160053,-0.40921972880033186,-2.4735307400382065,-1.934894218239519,1.6510605523897872,0.35634789125455746],"pose":[-0.043376330647987626,-0.1687203298260443,-0.9846992897042811,0,0.999049152066562,-0.007147316445547711,-0.04278381147021937,0,0.00018054483129562146,-0.9856377717537135,0.16887317814247008,0,0.3966000262165005,-0.36314356043808427,0.2687718710057545,1]},{"joint_angles":[0.02939966977463572,0.7554562400370403,-0.33849112807310483,-2.2570155864018306,-1.7148937168365361,1.8103955169651214,0.7175163425637616],"pose":[0.05091606337494459,-0.014389575834285793,-0.9985896261722911,0,0.9976613784652981,-0.04470942246598024,0.05151299217370381,0,-0.04538848944308798,-0.9988963735929076,0.012079728846842356,0,0.39505481028932876,-0.34357118439630874,0.06826647253395843,1]}]],"teaching_reference":{"pose":[1,0,0,0,0,1,0,0,0,0,1,0,0,0,0,1]}},{"gripper_closed_width":-1,"gripper_open_width":-1,"pose":{"joint_angles":[],"pose":[0,0,0,0,0,0,0,0,0,0,0,0,0,0,0,0]},"relative_trajectories":[[{"joint_angles":[0.1501845263606387,0.5106237562309104,-0.414511731715401,-2.4490324398081964,-1.7742144010398122,1.8502617739212512,0.6299600422369598],"pose":[0.01277635609700628,0.03786742119591479,-0.9991914581490685,0,0.9992648064404583,0.0353734225956109,0.0141178781902217,0,0.03588012014635127,-0.998656461294889,-0.03738835771002841,0,0.39005428969740913,-0.31002815453588345,0.12728295590413782,1]},{"joint_angles":[0.24196109717143208,-0.004451084457587669,-0.26891192955067095,-2.6271289293612434,0.006786112343978315,2.7725711421171826,0.7532357042619878],"pose":[0.9887932073466695,-0.0009899045541775786,0.14922385900139404,0,-0.001039097165537295,-0.9999898018638783,0.0002516873662934127,0,0.14922496109261538,-0.0004039326240394988,-0.9888031896314569,0,0.46141447687584897,-0.012276861073790972,0.16185619342360902,1]},{"joint_angles":[-0.16440415188428725,-1.020364197766339,0.05584101773387859,-2.535454587670104,0.043708824422624366,1.5520955625879083,0.7562718850009971],"pose":[0.9939921226338375,-0.10323061523117227,0.03610882332727494,0,-0.10347628888589888,-0.99460968811954,0.004997283098006266,0,0.03539899443955005,-0.008703834643720678,-0.9993353563519923,0,0.24827076896250302,-0.01807213349025753,0.464790851316297,1]}]],"teaching_reference":{"pose":[1,0,0,0,0,1,0,0,0,0,1,0,0,0,0,1]}}],"safety":{"force_thresholds":{"x":10,"x_rot":5,"y":10,"y_rot":5,"z":10,"z_rot":5},"torque_thresholds":{"j0":10,"j1":10,"j2":10,"j3":8,"j4":8,"j5":4,"j6":4}},"speed":0.55},"valid":true}