{"id":"0_llm_task_coffe","containers":[{"elements":[{"id":"gripper_move_skill","parameter":{"cartesian_impedance":{"access":["parent","parameter","cartesian_impedance"]},"joint_impedance":{"access":["parent","parameter","joint_impedance"]},"safety":{"access":["parent","parameter","safety"]},"speed":0.1,"width":0.079},"name":"Gripper Move","link":"gripper_move_skill","componentProviders":{"gripper-width":{"linkConfig":null,"componentLookupTable":[]},"speed":{"linkConfig":null,"componentLookupTable":[]}},"enabled":true,"isTracePoint":false},{"id":"joint_motion","parameter":{"acceleration":1,"cartesian_impedance":{"access":["parent","parameter","cartesian_impedance"]},"joint_impedance":{"access":["parent","parameter","joint_impedance"]},"motion":{"access":["parameter","poses",1,"relative_trajectories",1]},"safety":{"access":["parent","parameter","safety"]},"speed":{"access":["parent","parameter","speed"]},"velocity":1},"name":"Joint Motion","link":"joint_motion","componentProviders":{"acceleration":{"linkConfig":null,"componentLookupTable":[]},"motion":{"linkConfig":{"components":["robot-pose-carousel"],"sourceDistance":2,"parameters":{"points":["motion"]}},"componentLookupTable":[{"name":"robot-pose-carousel","sourcePath":{"id":"0_llm_task_coffe","indices":[]},"dependencies":[]}]},"velocity":{"linkConfig":null,"componentLookupTable":[]}},"enabled":true,"isTracePoint":false},{"id":"gripper_grasp","parameter":{"cartesian_impedance":{"access":["parent","parameter","cartesian_impedance"]},"force":20,"joint_impedance":{"access":["parent","parameter","joint_impedance"]},"object_config":{"F_x_Cload":[0,0,0],"I_load":[0.01,0,0,0,0.01,0,0,0,0.01],"m_load":0.1},"safety":{"access":["parent","parameter","safety"]},"speed":0.1,"width":0.062},"name":"Gripper Grasp","link":"gripper_grasp","componentProviders":{"Force":{"linkConfig":null,"componentLookupTable":[]},"Load":{"linkConfig":null,"componentLookupTable":[]},"gripper-width":{"linkConfig":null,"componentLookupTable":[]},"speed":{"linkConfig":null,"componentLookupTable":[]}},"enabled":true,"isTracePoint":false},{"id":"joint_motion2","parameter":{"acceleration":1,"cartesian_impedance":{"access":["parent","parameter","cartesian_impedance"]},"joint_impedance":{"access":["parent","parameter","joint_impedance"]},"motion":{"access":["parameter","poses",2,"relative_trajectories",1]},"safety":{"access":["parent","parameter","safety"]},"speed":{"access":["parent","parameter","speed"]},"velocity":1},"name":"Joint Motion","link":"joint_motion","componentProviders":{"acceleration":{"linkConfig":null,"componentLookupTable":[]},"motion":{"linkConfig":{"components":["robot-pose-carousel"],"sourceDistance":2,"parameters":{"points":["motion"]}},"componentLookupTable":[{"name":"robot-pose-carousel","sourcePath":{"id":"0_llm_task_coffe","indices":[]},"dependencies":[]}]},"velocity":{"linkConfig":null,"componentLookupTable":[]}},"enabled":true,"isTracePoint":false},{"id":"gripper_move_skill2","parameter":{"cartesian_impedance":{"access":["parent","parameter","cartesian_impedance"]},"joint_impedance":{"access":["parent","parameter","joint_impedance"]},"safety":{"access":["parent","parameter","safety"]},"speed":0.1,"width":0.066},"name":"Gripper Move","link":"gripper_move_skill","componentProviders":{"gripper-width":{"linkConfig":null,"componentLookupTable":[]},"speed":{"linkConfig":null,"componentLookupTable":[]}},"enabled":true,"isTracePoint":false},{"id":"joint_motion3","parameter":{"acceleration":1,"cartesian_impedance":{"access":["parent","parameter","cartesian_impedance"]},"joint_impedance":{"access":["parent","parameter","joint_impedance"]},"motion":{"access":["parameter","poses",3,"relative_trajectories",1]},"safety":{"access":["parent","parameter","safety"]},"speed":{"access":["parent","parameter","speed"]},"velocity":1},"name":"Joint Motion","link":"joint_motion","componentProviders":{"acceleration":{"linkConfig":null,"componentLookupTable":[]},"motion":{"linkConfig":{"components":["robot-pose-carousel"],"sourceDistance":2,"parameters":{"points":["motion"]}},"componentLookupTable":[{"name":"robot-pose-carousel","sourcePath":{"id":"0_llm_task_coffe","indices":[]},"dependencies":[]}]},"velocity":{"linkConfig":null,"componentLookupTable":[]}},"enabled":true,"isTracePoint":false},{"id":"wait","parameter":{"cartesian_impedance":{"access":["parent","parameter","cartesian_impedance"]},"duration":3,"joint_impedance":{"access":["parent","parameter","joint_impedance"]},"safety":{"access":["parent","parameter","safety"]}},"name":"Wait","link":"wait","componentProviders":{"duration":{"linkConfig":null,"componentLookupTable":[]}},"enabled":true,"isTracePoint":false},{"id":"joint_motion4","parameter":{"acceleration":1,"cartesian_impedance":{"access":["parent","parameter","cartesian_impedance"]},"joint_impedance":{"access":["parent","parameter","joint_impedance"]},"motion":{"access":["parameter","poses",4,"relative_trajectories",1]},"safety":{"access":["parent","parameter","safety"]},"speed":{"access":["parent","parameter","speed"]},"velocity":1},"name":"Joint Motion","link":"joint_motion","componentProviders":{"acceleration":{"linkConfig":null,"componentLookupTable":[]},"motion":{"linkConfig":{"components":["robot-pose-carousel"],"sourceDistance":2,"parameters":{"points":["motion"]}},"componentLookupTable":[{"name":"robot-pose-carousel","sourcePath":{"id":"0_llm_task_coffe","indices":[]},"dependencies":[]}]},"velocity":{"linkConfig":null,"componentLookupTable":[]}},"enabled":true,"isTracePoint":false},{"id":"gripper_grasp2","parameter":{"cartesian_impedance":{"access":["parent","parameter","cartesian_impedance"]},"force":20,"joint_impedance":{"access":["parent","parameter","joint_impedance"]},"object_config":{"F_x_Cload":[0,0,0],"I_load":[0.01,0,0,0,0.01,0,0,0,0.01],"m_load":0.1},"safety":{"access":["parent","parameter","safety"]},"speed":0.1,"width":0.061},"name":"Gripper Grasp","link":"gripper_grasp","componentProviders":{"Force":{"linkConfig":null,"componentLookupTable":[]},"Load":{"linkConfig":null,"componentLookupTable":[]},"gripper-width":{"linkConfig":null,"componentLookupTable":[]},"speed":{"linkConfig":null,"componentLookupTable":[]}},"enabled":true,"isTracePoint":false},{"id":"joint_motion5","parameter":{"acceleration":0.2,"cartesian_impedance":{"access":["parent","parameter","cartesian_impedance"]},"joint_impedance":{"access":["parent","parameter","joint_impedance"]},"motion":{"access":["parameter","poses",5,"relative_trajectories",1]},"safety":{"access":["parent","parameter","safety"]},"speed":{"access":["parent","parameter","speed"]},"velocity":0.2},"name":"Joint Motion","link":"joint_motion","componentProviders":{"acceleration":{"linkConfig":null,"componentLookupTable":[]},"motion":{"linkConfig":{"components":["robot-pose-carousel"],"sourceDistance":2,"parameters":{"points":["motion"]}},"componentLookupTable":[{"name":"robot-pose-carousel","sourcePath":{"id":"0_llm_task_coffe","indices":[]},"dependencies":[]}]},"velocity":{"linkConfig":null,"componentLookupTable":[]}},"enabled":true,"isTracePoint":false},{"id":"gripper_move_skill3","parameter":{"cartesian_impedance":{"access":["parent","parameter","cartesian_impedance"]},"joint_impedance":{"access":["parent","parameter","joint_impedance"]},"safety":{"access":["parent","parameter","safety"]},"speed":0.1,"width":0.079},"name":"Gripper Move","link":"gripper_move_skill","componentProviders":{"gripper-width":{"linkConfig":null,"componentLookupTable":[]},"speed":{"linkConfig":null,"componentLookupTable":[]}},"enabled":true,"isTracePoint":false},{"id":"joint_motion6","parameter":{"acceleration":1,"cartesian_impedance":{"access":["parent","parameter","cartesian_impedance"]},"joint_impedance":{"access":["parent","parameter","joint_impedance"]},"motion":{"access":["parameter","poses",6,"relative_trajectories",1]},"safety":{"access":["parent","parameter","safety"]},"speed":{"access":["parent","parameter","speed"]},"velocity":1},"name":"Joint Motion","link":"joint_motion","componentProviders":{"acceleration":{"linkConfig":null,"componentLookupTable":[]},"motion":{"linkConfig":{"components":["robot-pose-carousel"],"sourceDistance":2,"parameters":{"points":["motion"]}},"componentLookupTable":[{"name":"robot-pose-carousel","sourcePath":{"id":"0_llm_task_coffe","indices":[]},"dependencies":[]}]},"velocity":{"linkConfig":null,"componentLookupTable":[]}},"enabled":true,"isTracePoint":false}],"relativePath":["timeline_body"],"isTracePoint":false}],"name":"LLM_task_coffe","contextMenu":"<step id=\"speed\" name=\"Robot speed\" label=\"Set the speed of the robot's motions.\"\n  configured=\"parameter('speed')()\" class=\"flex-column\">\n  <h2 data-bind=\"html: step.label\"><br></h2>\n  <linear-slider params=\"\n    value: parameter('speed').multiply(100).round(),\n    min: 1, max: 100, increment: 1,\n    unit: '%',\n    step: step\n    \"/>\n</step>\n<step id=\"cart-comp\" name=\"Cartesian Compliance\" class=\"flex-column\"\n  label=\"Set the compliance along and around each cartesian axis. Greater compliance is given by lower values.\">\n  <h2 data-bind=\"html: step.label\"></h2>\n  <toggle-slider params=\"\n    parameters: [\n      { value: parameter('cartesian_impedance.K_x').add(-10).multiply(10/299).round(),\n        label: 'K-x',\n        min: 0, max: 100, increment: 1,\n        unit: '%'\n      },\n      { value: parameter('cartesian_impedance.K_y').add(-10).multiply(10/299).round(),\n        label: 'K-y',\n        min: 0, max: 100, increment: 1,\n        unit: '%'\n      },\n      { value: parameter('cartesian_impedance.K_z').add(-10).multiply(10/299).round(),\n        label: 'K-z',\n        min: 0, max: 100, increment: 1,\n        unit: '%'\n      },\n      { value: parameter('cartesian_impedance.K_x_rot').add(-1).multiply(100/299).round(),\n        label: 'K-x_rot',\n        min: 0, max: 100, increment: 1,\n        unit: '%'\n      },\n      { value: parameter('cartesian_impedance.K_y_rot').add(-1).multiply(100/299).round(),\n        label: 'K-y_rot',\n        min: 0, max: 100, increment: 1,\n        unit: '%'\n      },\n      { value: parameter('cartesian_impedance.K_z_rot').add(-1).multiply(100/299).round(),\n        label: 'K-z_rot',\n        min: 0, max: 100, increment: 1,\n        unit: '%'\n      },\n    ],\n    step: step\n  \"/>\n</step>\n<step id=\"joint-comp\" name=\"Joint Compliance\" class=\"flex-column\"\n  label=\"Set the compliance for each joint. Greater compliance is given by lower values.\">\n  <h2 data-bind=\"html: step.label\"></h2>\n  <toggle-slider params=\"\n    parameters: [\n      { value: parameter('joint_impedance.K_j0').add(-1).multiply(1/60).round(),\n        label: 'Joint 1',\n        min: 0, max: 100, increment: 1,\n        unit: '%'\n      },\n      { value: parameter('joint_impedance.K_j1').add(-1).multiply(1/60).round(),\n        label: 'Joint 2',\n        min: 0, max: 100, increment: 1,\n        unit: '%'\n      },\n      { value: parameter('joint_impedance.K_j2').add(-1).multiply(1/60).round(),\n        label: 'Joint 3',\n        min: 0, max: 100, increment: 1,\n        unit: '%'\n      },\n      { value: parameter('joint_impedance.K_j3').add(-1).multiply(1/60).round(),\n        label: 'Joint 4',\n        min: 0, max: 100, increment: 1,\n        unit: '%'\n      },\n      { value: parameter('joint_impedance.K_j4').add(-1).multiply(1/60).round(),\n        label: 'Joint 5',\n        min: 0, max: 100, increment: 1,\n        unit: '%'\n      },\n      { value: parameter('joint_impedance.K_j5').add(-1).multiply(1/60).round(),\n        label: 'Joint 6',\n        min: 0, max: 100, increment: 1,\n        unit: '%'\n      },\n      { value: parameter('joint_impedance.K_j6').add(-1).multiply(1/60).round(),\n        label: 'Joint 7',\n        min: 0, max: 100, increment: 1,\n        unit: '%'\n      },\n    ],\n    step: step\n  \"/>\n</step>\n<step id=\"all-force\" name=\"Force Thresholds\" class=\"flex-column\"\n  label=\"Set the force thresholds along and around each cartesian axis. Higher values will be interpreted as collisions.\">\n  <h2 data-bind=\"html: step.label\"></h2>\n  <toggle-slider params=\"\n    parameters: [\n      {value: parameter('safety.force_thresholds.x'), label: 'x', min: 3, max: 100, increment: 1, unit: 'N'},\n      {value: parameter('safety.force_thresholds.y'), label: 'y', min: 3, max: 100, increment: 1, unit: 'N'},\n      {value: parameter('safety.force_thresholds.z'), label: 'z', min: 3, max: 100, increment: 1, unit: 'N'},\n      {value: parameter('safety.force_thresholds.x_rot'), label: 'x-rot', min: 1, max: 30, increment: 1, unit: 'Nm'},\n      {value: parameter('safety.force_thresholds.y_rot'), label: 'y-rot', min: 1, max: 30, increment: 1, unit: 'Nm'},\n      {value: parameter('safety.force_thresholds.z_rot'), label: 'z-rot', min: 1, max: 30, increment: 1, unit: 'Nm'},\n    ],\n    step: step\n  \"/>\n</step>\n<step id=\"all-torque\" name=\"Torque Thresholds\" class=\"flex-column\"\n  label=\"Set the torque thresholds for each joint. Higher values will be interpreted as collisions.\">\n  <h2 data-bind=\"html: step.label\"></h2>\n  <toggle-slider params=\"\n    parameters: [\n      {value: parameter('safety.torque_thresholds.j0'), label: 'Joint 1', min: 3, max: 100, increment: 1, unit: 'Nm'},\n      {value: parameter('safety.torque_thresholds.j1'), label: 'Joint 2', min: 3, max: 100, increment: 1, unit: 'Nm'},\n      {value: parameter('safety.torque_thresholds.j2'), label: 'Joint 3', min: 3, max: 100, increment: 1, unit: 'Nm'},\n      {value: parameter('safety.torque_thresholds.j3'), label: 'Joint 4', min: 2, max: 80, increment: 1, unit: 'Nm'},\n      {value: parameter('safety.torque_thresholds.j4'), label: 'Joint 5', min: 2, max: 80, increment: 1, unit: 'Nm'},\n      {value: parameter('safety.torque_thresholds.j5'), label: 'Joint 6', min: 1, max: 40, increment: 1, unit: 'Nm'},\n      {value: parameter('safety.torque_thresholds.j6'), label: 'Joint 7', min: 1, max: 40, increment: 1, unit: 'Nm'},\n    ],\n    step: step\n  \"/>\n</step>","components":"<component name=\"grid-widget\">\n  <template src=\"base/grid_widget.html\"></template>\n  <viewmodel src=\"base/grid_widget.js\"></viewmodel>\n</component>\n<component name=\"alternative-selector\">\n  <template src=\"base/alternative_selector.html\"></template>\n  <viewmodel src=\"base/alternative_selector.js\"></viewmodel>\n</component>\n<component name=\"reset-strategy-picker\">\n  <template src=\"base/reset_strategy_picker.html\"></template>\n  <viewmodel src=\"base/reset_strategy_picker.js\"></viewmodel>\n</component>\n<component name=\"trajectory-teaching-base\">\n  <template src=\"base/trajectory_teaching_base.html\"></template>\n  <viewmodel src=\"base/trajectory_teaching_base.js\"></viewmodel>\n</component>\n<component name=\"trajectory-teaching\" linkable>\n  <template src=\"base/trajectory_teaching.html\"></template>\n  <viewmodel src=\"base/trajectory_teaching.js\"></viewmodel>\n</component>\n<component name=\"approach-retract-teaching\">\n  <template src=\"base/approach_retract_teaching.html\"></template>\n  <viewmodel src=\"base/approach_retract_teaching.js\"></viewmodel>\n</component>\n<component name=\"pose-teaching single-pose-teaching\" linkable>\n  <template src=\"base/pose_teaching.html\"></template>\n  <viewmodel src=\"base/pose_teaching.js\"></viewmodel>\n</component>\n<component name=\"two-pose-teaching\" linkable>\n  <template src=\"base/two_pose_teaching.html\"></template>\n  <viewmodel src=\"base/two_pose_teaching.js\"></viewmodel>\n</component>\n<component name=\"robot-pose single-robot-pose\" linkable>\n  <template src=\"base/robot_pose.html\"></template>\n  <viewmodel src=\"base/robot_pose.js\"></viewmodel>\n</component>\n<component name=\"robot-pose-carousel\" linkable>\n  <template src=\"base/robot_pose_carousel.html\"></template>\n  <viewmodel src=\"base/robot_pose_carousel.js\"></viewmodel>\n</component>\n<component name=\"haptic-gestures\">\n  <template src=\"base/haptic_gestures.html\"></template>\n  <viewmodel src=\"base/haptic_gestures.js\"></viewmodel>\n</component>\n<component name=\"points-list\">\n  <template src=\"base/points_list.html\"></template>\n  <viewmodel src=\"base/points_list.js\"></viewmodel>\n</component>","parameter":{"cartesian_impedance":{"K_x":2500,"K_x_rot":250,"K_y":2500,"K_y_rot":250,"K_z":2500,"K_z_rot":250},"current_teaching_reference":{"pose":[1,0,0,0,0,1,0,0,0,0,1,0,0,0,0,1]},"joint_impedance":{"K_j0":3500,"K_j1":3500,"K_j2":3500,"K_j3":3000,"K_j4":2500,"K_j5":2000,"K_j6":1000},"poses":[{"gripper_closed_width":-1,"gripper_open_width":-1,"pose":{"joint_angles":[],"pose":[0,0,0,0,0,0,0,0,0,0,0,0,0,0,0,0]},"relative_trajectories":[[{"joint_angles":[-0.0014214082147702117,-1.0058330118102643,0.005650871589194058,-2.5772341635112186,0.021330441665318278,1.632375843411479,0.824042577508423],"pose":[0.9974490456033384,-0.038050330013236044,0.060235543594141766,0,-0.036973129273179306,-0.9991279188291002,-0.018898053582007593,0,0.0609032630626981,0.01662306901457776,-0.9980052435357502,0,0.2619731028817957,0.005339891156602291,0.4495054667168975,1]},{"joint_angles":[-0.22952398776556013,-1.1690357116063437,-1.134891198562792,-2.6729377246053163,0.34288349848322985,2.4825828866979247,-0.8219357945885923],"pose":[0.26460932837240936,0.10342848412601996,0.958783186602114,0,0.03784106505058896,-0.9945701386815236,0.096845443568918,0,0.9636122568092002,0.01065537430389637,-0.2670915227511424,0,0.18067849208904396,-0.3866016168028195,0.41447779263321416,1]},{"joint_angles":[0.44431760658162117,-1.6977586374784768,-1.9631987859324402,-2.401921734240647,0.25641897898451066,2.922629161385043,-1.3636894077426855],"pose":[0.02613044890882048,-0.07644643247232352,0.9967215707023132,0,-0.06508337010324641,-0.9950767052683298,-0.07461402327670957,0,0.9975375982261709,-0.06292151238688824,-0.030977788883470303,0,0.3024155850983675,-0.4476277071860364,0.10930864276477126,1]},{"joint_angles":[0.5831438696818191,-1.711840873517488,-1.9459129040534033,-2.3313247646275257,0.25661952181739894,2.9226622341443145,-1.3630706749724015],"pose":[0.03766352897342644,-0.06163757065284825,0.9973780704279052,0,0.005811940596038789,-0.998055855436925,-0.061898931136039836,0,0.9992735621287975,0.008128190776245027,-0.03723278857578475,0,0.34896372450368907,-0.44193940573956964,0.10559044881007794,1]}]],"teaching_reference":{"pose":[1,0,0,0,0,1,0,0,0,0,1,0,0,0,0,1]}},{"gripper_closed_width":-1,"gripper_open_width":-1,"pose":{"joint_angles":[],"pose":[0,0,0,0,0,0,0,0,0,0,0,0,0,0,0,0]},"relative_trajectories":[[{"joint_angles":[0.5615591520356177,-1.6990774973651825,-1.8619925155957975,-2.374445657772548,0.2567062931117116,2.922316561943857,-1.3049689543239706],"pose":[-0.010566538003447628,-0.045995342238140335,0.9988761302925535,0,0.015504105288420077,-0.9988193521154785,-0.04582871872559635,0,0.9998239666141473,0.015002718644906253,0.011267396203836443,0,0.3517561686860104,-0.4454217752645288,0.1595463534729164,1]},{"joint_angles":[2.277237676096428,1.2210158952295553,-1.3773873366186686,-2.0609942458303325,2.763159272088683,1.3006083834287192,-1.078481196847771],"pose":[0.023561188526894872,0.0736387932646507,0.9969969635976503,0,0.8300119301153233,0.554430123077713,-0.06056551321895709,0,-0.557235849059302,0.8289623296436098,-0.048058969558221136,0,0.14904805626442777,0.6840531757255598,0.2806345577566373,1]},{"joint_angles":[2.1013289134918622,1.522223880597255,-1.3114858245502636,-1.099897610240361,2.8382881097657164,1.8433444241798584,-0.9383505203690794],"pose":[-0.12262105361698383,0.14126164618499587,0.9823390307975013,0,0.7107414763658536,0.7033299498116872,-0.012421045543138054,0,-0.6926764147370741,0.6966794245870812,-0.18664716398597173,0,-0.04675667337912587,0.8850955277514123,0.20766363068563828,1]},{"joint_angles":[1.9140927512352925,1.62154501254076,-1.3085409239870014,-0.6387944609932618,2.8666518118066917,2.1317413214974934,-0.919689117507802],"pose":[-0.13381009455525417,0.12246642380146228,0.9834010273218159,0,0.7326815402757049,0.680392980647115,0.014963265905656054,0,-0.6672795056853139,0.7225359264881231,-0.1807758175927096,0,-0.07721535602075562,0.9199513527971699,0.18702640760593955,1]}]],"teaching_reference":{"pose":[1,0,0,0,0,1,0,0,0,0,1,0,0,0,0,1]}},{"gripper_closed_width":-1,"gripper_open_width":-1,"pose":{"joint_angles":[],"pose":[0,0,0,0,0,0,0,0,0,0,0,0,0,0,0,0]},"relative_trajectories":[[{"joint_angles":[2.202208350555292,1.5851580003269932,-1.416808030486303,-1.228046866450187,2.855994329657819,1.8929351198805702,-0.8343149004744159],"pose":[-0.15980708338562516,0.2266130635195934,0.9607751882949791,0,0.7794441501666438,0.6261962174523183,-0.018051618227060084,0,-0.6057361835388585,0.7460001864978092,-0.27670814533911364,0,-0.0340819267066165,0.8751129626153494,0.19768550931710777,1]}]],"teaching_reference":{"pose":[1,0,0,0,0,1,0,0,0,0,1,0,0,0,0,1]}},{"gripper_closed_width":-1,"gripper_open_width":-1,"pose":{"joint_angles":[],"pose":[0,0,0,0,0,0,0,0,0,0,0,0,0,0,0,0]},"relative_trajectories":[[{"joint_angles":[2.033965107599419,1.618845903937655,-1.3662240364240408,-0.7857320812019701,2.8882115138127955,2.1990792954040685,-0.8829002462195025],"pose":[-0.15760267217475882,0.15275817064763642,0.9756060095781347,0,0.794370182870745,0.6065013005856315,0.03336063331301298,0,-0.5866214986334207,0.7802650717144631,-0.21693693831043034,0,-0.08029135893454276,0.9198878348163375,0.19087987935325337,1]}]],"teaching_reference":{"pose":[1,0,0,0,0,1,0,0,0,0,1,0,0,0,0,1]}},{"gripper_closed_width":-1,"gripper_open_width":-1,"pose":{"joint_angles":[],"pose":[0,0,0,0,0,0,0,0,0,0,0,0,0,0,0,0]},"relative_trajectories":[[{"joint_angles":[2.036884620137415,1.614978096192343,-1.3796040690405327,-0.7938274318656028,2.8878774390717425,2.185818632059627,-0.8800558092500477],"pose":[-0.16523748173432856,0.14631544312682684,0.9753302582376424,0,0.7892625446676675,0.6126149858125473,0.041812218833960746,0,-0.591395545182851,0.7767155414349155,-0.216712428880636,0,-0.08016741537374653,0.9201159264967655,0.197846172521595,1]},{"joint_angles":[2.310054208804447,1.603808378587689,-1.4973137438216886,-1.4021903416708152,2.887032534064911,1.8395562886495367,-0.8378845639704132],"pose":[-0.20894772569510628,0.19448530870157663,0.9583825225489577,0,0.7877530698563966,0.6141711863301134,0.04711264920265701,0,-0.5794593690964913,0.7648275804379898,-0.2815414920889397,0,-0.03235545857884945,0.8547311639880919,0.22542343395642814,1]},{"joint_angles":[0.5991644913460079,-1.5591089029920444,-1.8440741324675711,-2.4277389316978044,0.025118862701786922,3.024852512291736,-1.006830369071828],"pose":[0.15895677778209455,-0.021856952406827224,0.9870338207629097,0,0.013885588181149974,-0.9995969059881726,-0.024371353695344433,0,0.9871876432793203,0.017579875476659842,-0.1585922600092646,0,0.35411045975361927,-0.4424946704755049,0.17245061491327396,1]},{"joint_angles":[0.6193563188537505,-1.6158773312429322,-1.9483755618480214,-2.3730063996637556,0.025474423183335197,3.0249861559719102,-1.1745207143821979],"pose":[0.18459020564897705,0.03329090122365075,0.9822417822386675,0,0.012608955208085734,-0.9994144782289905,0.031503362614857366,0,0.9827343543054052,0.006569956944076904,-0.18490544755006913,0,0.34858241261058914,-0.44295281982567314,0.10894816599856233,1]}]],"teaching_reference":{"pose":[1,0,0,0,0,1,0,0,0,0,1,0,0,0,0,1]}},{"gripper_closed_width":-1,"gripper_open_width":-1,"pose":{"joint_angles":[],"pose":[0,0,0,0,0,0,0,0,0,0,0,0,0,0,0,0]},"relative_trajectories":[[{"joint_angles":[0.35712331414459353,-1.5620213137997998,-1.940097179131109,-2.4615941279417255,0.02512010795310859,2.8674508758954897,-1.1276291031009622],"pose":[0.1436308844675055,-0.023836366551249266,0.989334495283534,0,-0.029737156366222435,-0.9993527756727785,-0.01976052093373426,0,0.9891842378125009,-0.02658228527685789,-0.144249526074651,0,0.26187987604073854,-0.45148673223746144,0.13231592792419455,1]},{"joint_angles":[0.13693196877290184,-1.5445871678201153,-1.5350719526108225,-2.649829853615089,0.02527012232771356,2.8199917650134263,-0.6651638160513507],"pose":[0.008290414251514529,-0.10470600881562486,0.9944589823872318,0,-0.0339776780216964,-0.9939483781501552,-0.10436898902517705,0,0.9993881942852273,-0.03292477885932686,-0.011798138004676573,0,0.2373139030371465,-0.43025054262605633,0.34434352776207033,1]},{"joint_angles":[0.04282385561079309,-0.9634258706516984,-0.03402439100307811,-2.6245936225679927,0.017019008534002185,1.7417477530161205,0.850282601118817],"pose":[0.9959310138178968,-0.04660566070225769,0.07700698025095044,0,-0.04283046606414931,-0.9978223163539136,-0.04996922116709706,0,0.07916965623790614,0.04646854690582101,-0.9957775051082612,0,0.2820629927909577,0.007278798199004582,0.42596980424601966,1]}]],"teaching_reference":{"pose":[1,0,0,0,0,1,0,0,0,0,1,0,0,0,0,1]}}],"safety":{"force_thresholds":{"x":10,"x_rot":5,"y":10,"y_rot":5,"z":10,"z_rot":5},"torque_thresholds":{"j0":10,"j1":10,"j2":10,"j3":8,"j4":8,"j5":4,"j6":4}},"speed":1},"valid":true}